>VNNGGATTADNN	bcd(Homeobox)/Embryo-Bcd-ChIP-Seq(GSE86966)/Homer	6.298101	-611.972713	0	T:976.0(24.85%),B:3171.4(7.00%),P:1e-265	Tpos:50.2,Tstd:24.0,Bpos:50.3,Bstd:29.1,StrandBias:-0.0,Multiplicity:1.18
0.343	0.229	0.252	0.176
0.302	0.189	0.292	0.217
0.217	0.298	0.279	0.206
0.205	0.080	0.629	0.086
0.001	0.001	0.997	0.001
0.696	0.302	0.001	0.001
0.001	0.001	0.001	0.997
0.001	0.068	0.001	0.930
0.816	0.001	0.001	0.182
0.313	0.120	0.326	0.240
0.227	0.281	0.298	0.195
0.239	0.246	0.246	0.269
>GGYCATAAAW	caudal(Homeobox)/Drosophila-Embryos-ChIP-Chip(modEncode)/Homer	6.748893	-146.466448	0	T:424.0(24.97%),B:5029.1(10.48%),P:1e-63
0.232	0.134	0.474	0.160
0.245	0.148	0.606	0.001
0.022	0.539	0.021	0.418
0.209	0.756	0.028	0.007
0.725	0.021	0.245	0.009
0.001	0.001	0.002	0.996
0.980	0.001	0.012	0.007
0.947	0.001	0.004	0.048
0.954	0.042	0.003	0.001
0.446	0.129	0.121	0.304
>GGTCCAAAGTCCAMT	dHNF4(NR)/Fly-HNF4-ChIP-Seq(GSE73675)/Homer	9.779182	-194.054079	0	T:44.0(65.67%),B:234.9(0.48%),P:1e-84
0.222	0.057	0.666	0.055
0.001	0.001	0.888	0.110
0.055	0.001	0.165	0.779
0.110	0.445	0.222	0.223
0.001	0.944	0.001	0.054
0.889	0.109	0.001	0.001
0.944	0.001	0.001	0.054
0.997	0.001	0.001	0.001
0.001	0.001	0.944	0.054
0.055	0.001	0.111	0.833
0.001	0.554	0.057	0.388
0.001	0.889	0.055	0.055
0.832	0.001	0.112	0.055
0.443	0.332	0.114	0.111
0.166	0.222	0.167	0.445
>GGGAAAAMCCCG	Dorsal(RHD)/Embryo-dl-ChIP-Seq(GSE65441)/Homer	7.870124	-135.408479	0	T:60.0(27.65%),B:640.8(1.35%),P:1e-58
0.104	0.129	0.608	0.159
0.085	0.065	0.795	0.055
0.259	0.059	0.657	0.025
0.774	0.001	0.176	0.049
0.933	0.019	0.012	0.036
0.753	0.047	0.019	0.181
0.627	0.050	0.048	0.275
0.297	0.445	0.073	0.186
0.145	0.710	0.062	0.083
0.096	0.694	0.116	0.094
0.187	0.542	0.164	0.107
0.287	0.145	0.464	0.104
>AVYTATCGATAD	DREF/Drosophila-Promoters/Homer	8.904971	-814.422752	0	T:983.0(13.48%),B:1145.0(2.80%),P:1e-353
0.436	0.120	0.216	0.229
0.335	0.208	0.297	0.161
0.230	0.405	0.104	0.261
0.155	0.113	0.017	0.715
0.934	0.012	0.015	0.039
0.004	0.010	0.020	0.966
0.010	0.980	0.001	0.009
0.011	0.005	0.983	0.001
0.954	0.018	0.011	0.017
0.027	0.032	0.007	0.934
0.654	0.019	0.129	0.198
0.290	0.079	0.370	0.261
>RGAGAGAG	Trl(Zf)/S2-GAGAfactor-ChIP-Seq(GSE40646)/Homer	5.991333	-511.842189	0	T:1737.0(37.74%),B:6723.0(17.82%),P:1e-222
0.379	0.103	0.412	0.107
0.240	0.010	0.749	0.001
0.899	0.001	0.099	0.001
0.058	0.014	0.918	0.010
0.835	0.114	0.050	0.001
0.001	0.001	0.997	0.001
0.456	0.259	0.285	0.001
0.197	0.039	0.763	0.001
>CAGTGTGACCGT	M1BP(Zf)/S2R+-M1BP-ChIP-Seq(GSE49842)/Homer	7.207267	-3378.694651	0	T:1409.0(62.85%),B:1478.6(3.26%),P:1e-1467
0.141	0.583	0.051	0.225
0.879	0.011	0.093	0.017
0.038	0.002	0.958	0.002
0.093	0.013	0.010	0.884
0.058	0.001	0.940	0.001
0.021	0.006	0.031	0.942
0.011	0.001	0.955	0.033
0.828	0.048	0.122	0.002
0.033	0.955	0.005	0.007
0.002	0.972	0.005	0.021
0.364	0.031	0.579	0.026
0.068	0.216	0.189	0.527
>CTATAAAAGCSV	TATA-box/Drosophila-Promoters/Homer	9.550562	-350.711333	0	T:444.0(6.09%),B:528.4(1.29%),P:1e-152
0.037	0.557	0.405	0.001
0.001	0.001	0.001	0.997
0.997	0.001	0.001	0.001
0.001	0.001	0.001	0.997
0.997	0.001	0.001	0.001
0.713	0.001	0.001	0.285
0.997	0.001	0.001	0.001
0.997	0.001	0.001	0.001
0.279	0.001	0.688	0.032
0.129	0.527	0.280	0.064
0.187	0.426	0.281	0.106
0.224	0.280	0.349	0.147
>KBCTACCTGW	Zelda(Zf)/Embryo-zld-ChIP-Seq(GSE65441)/Homer	6.435760	-960.517667	0	T:611.0(17.34%),B:711.5(1.58%),P:1e-417
0.077	0.152	0.422	0.349
0.086	0.315	0.356	0.243
0.001	0.888	0.001	0.110
0.001	0.001	0.001	0.997
0.997	0.001	0.001	0.001
0.001	0.997	0.001	0.001
0.001	0.997	0.001	0.001
0.001	0.001	0.001	0.997
0.001	0.001	0.997	0.001
0.381	0.115	0.136	0.368
>MA0010.1	br/MA0010.1/Jaspar	8.02074
0.332998	0.11167	0.443662	0.11167
0.11167	0.11167	0.11167	0.66499
0.554326	0.222334	0.11167	0.11167
0.775654	0.00100594	0.11167	0.11167
0.332998	0.00100594	0.00100594	0.66499
0.66499	0.00100594	0.00100594	0.332998
0.443662	0.11167	0.443662	0.00100594
0.775654	0.00100594	0.11167	0.11167
0.11167	0.886318	0.00100594	0.00100594
0.996982	0.00100594	0.00100594	0.00100594
0.886318	0.00100594	0.11167	0.00100594
0.554326	0.00100594	0.332998	0.11167
0.443662	0.00100594	0.00100594	0.554326
0.222334	0.332998	0.222334	0.222334
>MA0011.1	br/MA0011.1/Jaspar	5.13827
0.25	0.084004	0.084004	0.581992
0.415996	0.167002	0.084004	0.332998
0.00100594	0.830986	0.00100594	0.167002
0.00100594	0.084004	0.00100594	0.913984
0.996982	0.00100594	0.00100594	0.00100594
0.084004	0.084004	0.167002	0.66499
0.167002	0.00100594	0.084004	0.747988
0.084004	0.167002	0.084004	0.66499
>MA0012.1	br/MA0012.1/Jaspar	6.25215
0.25	0.084004	0.084004	0.581992
0.747988	0.167002	0.084004	0.00100594
0.830986	0.00100594	0.00100594	0.167002
0.996982	0.00100594	0.00100594	0.00100594
0.00100594	0.830986	0.084004	0.084004
0.332998	0.00100594	0.00100594	0.66499
0.830986	0.00100594	0.00100594	0.167002
0.498994	0.00100594	0.332998	0.167002
0.498994	0.084004	0.167002	0.25
0.332998	0.25	0.167002	0.25
0.167002	0.25	0.415996	0.167002
>MA0013.1	br/MA0013.1/Jaspar	6.94165
0.167002	0.167002	0.00100594	0.66499
0.66499	0.00100594	0.00100594	0.332998
0.332998	0.00100594	0.66499	0.00100594
0.167002	0.00100594	0.00100594	0.830986
0.830986	0.00100594	0.167002	0.00100594
0.996982	0.00100594	0.00100594	0.00100594
0.830986	0.00100594	0.167002	0.00100594
0.167002	0.498994	0.167002	0.167002
0.498994	0.00100594	0.167002	0.332998
0.830986	0.00100594	0.00100594	0.167002
0.498994	0.167002	0.00100594	0.332998
>MA0015.1	Cf2/MA0015.1/Jaspar	6.49582
0.312249	0.162852	0.498994	0.0259053
0.0134556	0.0259053	0.0134556	0.947183
0.922284	0.0259053	0.0508047	0.00100594
0.00100594	0.113053	0.0508047	0.835136
0.972083	0.0259053	0.00100594	0.00100594
0.0134556	0.0508047	0.0134556	0.922284
0.511444	0.0259053	0.449195	0.0134556
0.0259053	0.113053	0.0134556	0.847586
0.66084	0.038355	0.25	0.0508047
0.150402	0.362047	0.187751	0.299799
>MA0016.1	usp/MA0016.1/Jaspar	7.30874
0.00100594	0.0272158	0.970772	0.00100594
0.0272158	0.00100594	0.944562	0.0272158
0.00100594	0.00100594	0.996982	0.00100594
0.00100594	0.00100594	0.996982	0.00100594
0.00100594	0.00100594	0.00100594	0.996982
0.00100594	0.944562	0.0272158	0.0272158
0.918352	0.00100594	0.0796356	0.00100594
0.132055	0.656253	0.0796356	0.132055
0.132055	0.210685	0.577624	0.0796356
0.158265	0.263105	0.420364	0.158265
>MA0022.1	dl/MA0022.1/Jaspar	7.77539
0.00100594	0.384074	0.460687	0.154233
0.00100594	0.00100594	0.920369	0.0776195
0.00100594	0.0776195	0.843755	0.0776195
0.00100594	0.00100594	0.767142	0.230847
0.0776195	0.0776195	0.230847	0.613914
0.0776195	0.00100594	0.154233	0.767142
0.0776195	0.00100594	0.00100594	0.920369
0.00100594	0.00100594	0.00100594	0.996982
0.00100594	0.230847	0.00100594	0.767142
0.0776195	0.690528	0.00100594	0.230847
0.0776195	0.690528	0.0776195	0.154233
0.230847	0.384074	0.384074	0.00100594
>MA0023.1	dl/MA0023.1/Jaspar	7.2931
0.00100594	0.11167	0.775654	0.11167
0.00100594	0.00100594	0.775654	0.222334
0.00100594	0.00100594	0.996982	0.00100594
0.00100594	0.00100594	0.886318	0.11167
0.443662	0.11167	0.00100594	0.443662
0.222334	0.11167	0.00100594	0.66499
0.00100594	0.00100594	0.00100594	0.996982
0.00100594	0.11167	0.00100594	0.886318
0.00100594	0.996982	0.00100594	0.00100594
0.11167	0.886318	0.00100594	0.00100594
>MA0026.1	Eip74EF/MA0026.1/Jaspar	5.24347
0.11818	0.704048	0.11818	0.0595928
0.29394	0.704048	0.00100594	0.00100594
0.00100594	0.00100594	0.996982	0.00100594
0.00100594	0.00100594	0.996982	0.00100594
0.996982	0.00100594	0.00100594	0.00100594
0.996982	0.00100594	0.00100594	0.00100594
0.29394	0.0595928	0.586874	0.0595928
>MA0049.1	hb/MA0049.1/Jaspar	6.32517
0.0632545	0.312249	0.498994	0.125503
0.374497	0.498994	0.125503	0.00100594
0.561243	0.187751	0.25	0.00100594
0.25	0.187751	0.0632545	0.498994
0.810237	0.0632545	0.00100594	0.125503
0.996982	0.00100594	0.00100594	0.00100594
0.996982	0.00100594	0.00100594	0.00100594
0.872485	0.00100594	0.125503	0.00100594
0.934734	0.0632545	0.00100594	0.00100594
0.561243	0.125503	0.125503	0.187751
>MA0085.1	Su(H)/MA0085.1/Jaspar	9.09211
0.100604	0.299799	0.299799	0.299799
0.00100594	0.399396	0.00100594	0.598592
0.00100594	0.00100594	0.996982	0.00100594
0.00100594	0.00100594	0.00100594	0.996982
0.00100594	0.00100594	0.996982	0.00100594
0.299799	0.00100594	0.698189	0.00100594
0.00100594	0.00100594	0.996982	0.00100594
0.996982	0.00100594	0.00100594	0.00100594
0.996982	0.00100594	0.00100594	0.00100594
0.498994	0.498994	0.00100594	0.00100594
0.100604	0.698189	0.100604	0.100604
0.100604	0.200201	0.399396	0.299799
0.399396	0.200201	0.200201	0.200201
0.299799	0.100604	0.399396	0.200201
0.399396	0.299799	0.200201	0.100604
0.200201	0.100604	0.200201	0.498994
>MA0126.1	ovo/MA0126.1/Jaspar	5.5419
0.47528	0.190716	0.00100594	0.332998
0.0484334	0.190716	0.66499	0.0958608
0.190716	0.0958608	0.0958608	0.617563
0.949555	0.00100594	0.00100594	0.0484334
0.996982	0.00100594	0.00100594	0.00100594
0.00100594	0.996982	0.00100594	0.00100594
0.332998	0.238143	0.143288	0.285571
0.00100594	0.00100594	0.996982	0.00100594
0.238143	0.190716	0.0958608	0.47528
>MA0165.1	Abd-B/MA0165.1/Jaspar	5.01202
0.0484334	0.00100594	0.00100594	0.949555
0.00100594	0.00100594	0.00100594	0.996982
0.238143	0.00100594	0.00100594	0.759845
0.996982	0.00100594	0.00100594	0.00100594
0.00100594	0.143288	0.00100594	0.8547
0.143288	0.00100594	0.522708	0.332998
0.617563	0.00100594	0.238143	0.143288
>MA0166.1	Antp/MA0166.1/Jaspar	5.52449
0.0632545	0.0632545	0.00100594	0.872485
0.00100594	0.00100594	0.00100594	0.996982
0.996982	0.00100594	0.00100594	0.00100594
0.996982	0.00100594	0.00100594	0.00100594
0.00100594	0.00100594	0.00100594	0.996982
0.00100594	0.00100594	0.561243	0.436746
0.934734	0.00100594	0.0632545	0.00100594
>MA0167.1	Awh/MA0167.1/Jaspar	5.21512
0.0757042	0.399396	0.00100594	0.523893
0.0259053	0.00100594	0.00100594	0.972083
0.822686	0.00100594	0.175302	0.00100594
0.996982	0.00100594	0.00100594	0.00100594
0.00100594	0.00100594	0.0259053	0.972083
0.00100594	0.00100594	0.200201	0.797787
0.847586	0.00100594	0.100604	0.0508047
>MA0168.1	B-H1/MA0168.1/Jaspar	5.08233
0.190716	0.190716	0.00100594	0.617563
0.00100594	0.00100594	0.00100594	0.996982
0.996982	0.00100594	0.00100594	0.00100594
0.996982	0.00100594	0.00100594	0.00100594
0.380425	0.00100594	0.00100594	0.617563
0.0484334	0.332998	0.00100594	0.617563
0.0484334	0.00100594	0.949555	0.00100594
>MA0169.1	B-H2/MA0169.1/Jaspar	5.28014
0.285571	0.0958608	0.0484334	0.570135
0.00100594	0.00100594	0.00100594	0.996982
0.996982	0.00100594	0.00100594	0.00100594
0.996982	0.00100594	0.00100594	0.00100594
0.238143	0.00100594	0.00100594	0.759845
0.143288	0.0484334	0.0958608	0.712418
0.00100594	0.00100594	0.996982	0.00100594
>MA0170.1	C15/MA0170.1/Jaspar	4.73245
0.0534257	0.0534257	0.00100594	0.892143
0.00100594	0.00100594	0.00100594	0.996982
0.892143	0.00100594	0.00100594	0.105846
0.996982	0.00100594	0.00100594	0.00100594
0.315525	0.105846	0.00100594	0.577624
0.00100594	0.158265	0.315525	0.525204
0.525204	0.00100594	0.472784	0.00100594
>MA0171.1	CG11085/MA0171.1/Jaspar	5.44115
0.00100594	0.230847	0.00100594	0.767142
0.00100594	0.00100594	0.00100594	0.996982
0.996982	0.00100594	0.00100594	0.00100594
0.996982	0.00100594	0.00100594	0.00100594
0.0776195	0.00100594	0.00100594	0.920369
0.154233	0.0776195	0.154233	0.613914
0.0776195	0.00100594	0.920369	0.00100594
>MA0172.1	CG11294/MA0172.1/Jaspar	5.77658
0.00100594	0.200201	0.00100594	0.797787
0.00100594	0.133803	0.00100594	0.864185
0.996982	0.00100594	0.00100594	0.00100594
0.996982	0.00100594	0.00100594	0.00100594
0.00100594	0.00100594	0.00100594	0.996982
0.00100594	0.00100594	0.00100594	0.996982
0.996982	0.00100594	0.00100594	0.00100594
>MA0173.1	CG11617/MA0173.1/Jaspar	5.6373
0.0595928	0.00100594	0.00100594	0.938395
0.00100594	0.00100594	0.00100594	0.996982
0.586874	0.00100594	0.176766	0.235353
0.996982	0.00100594	0.00100594	0.00100594
0.00100594	0.996982	0.00100594	0.00100594
0.996982	0.00100594	0.00100594	0.00100594
0.00100594	0.00100594	0.00100594	0.996982
>MA0174.1	Dbx/MA0174.1/Jaspar	4.85116
0.125503	0.00100594	0.00100594	0.872485
0.125503	0.00100594	0.00100594	0.872485
0.374497	0.00100594	0.125503	0.498994
0.996982	0.00100594	0.00100594	0.00100594
0.00100594	0.00100594	0.00100594	0.996982
0.00100594	0.125503	0.374497	0.498994
0.810237	0.00100594	0.187751	0.00100594
>MA0175.1	lms/MA0175.1/Jaspar	5.05503
0.0958608	0.332998	0.0484334	0.522708
0.00100594	0.00100594	0.00100594	0.996982
0.996982	0.00100594	0.00100594	0.00100594
0.996982	0.00100594	0.00100594	0.00100594
0.00100594	0.00100594	0.00100594	0.996982
0.143288	0.00100594	0.190716	0.66499
0.380425	0.00100594	0.617563	0.00100594
>MA0176.1	CG15696-RA/MA0176.1/Jaspar	4.9901
0.0632545	0.0943787	0.0943787	0.747988
0.0632545	0.0943787	0.00100594	0.841361
0.654615	0.00100594	0.187751	0.156627
0.996982	0.00100594	0.00100594	0.00100594
0.00100594	0.00100594	0.00100594	0.996982
0.00100594	0.00100594	0.0632545	0.934734
0.498994	0.00100594	0.498994	0.00100594
>MA0177.1	CG18599/MA0177.1/Jaspar	5.10825
0.160362	0.399396	0.040845	0.399396
0.00100594	0.00100594	0.00100594	0.996982
0.996982	0.00100594	0.00100594	0.00100594
0.996982	0.00100594	0.00100594	0.00100594
0.00100594	0.00100594	0.00100594	0.996982
0.00100594	0.040845	0.319718	0.638431
0.917304	0.00100594	0.080684	0.00100594
>MA0178.1	CG32105/MA0178.1/Jaspar	5.41726
0.105846	0.210685	0.00100594	0.682463
0.105846	0.00100594	0.00100594	0.892143
0.892143	0.00100594	0.00100594	0.105846
0.996982	0.00100594	0.00100594	0.00100594
0.00100594	0.00100594	0.0534257	0.944562
0.00100594	0.00100594	0.0534257	0.944562
0.787303	0.00100594	0.210685	0.00100594
>MA0179.1	CG32532/MA0179.1/Jaspar	5.19101
0.0876126	0.260826	0.0876126	0.563949
0.00100594	0.00100594	0.00100594	0.996982
0.996982	0.00100594	0.00100594	0.00100594
0.996982	0.00100594	0.00100594	0.00100594
0.00100594	0.00100594	0.00100594	0.996982
0.00100594	0.00100594	0.0876126	0.910376
0.520646	0.00100594	0.434039	0.0443093
>MA0180.1	Vsx2/MA0180.1/Jaspar	6.68734
0.0776195	0.0776195	0.384074	0.460687
0.154233	0.154233	0.00100594	0.690528
0.00100594	0.00100594	0.00100594	0.996982
0.996982	0.00100594	0.00100594	0.00100594
0.996982	0.00100594	0.00100594	0.00100594
0.00100594	0.00100594	0.00100594	0.996982
0.00100594	0.00100594	0.00100594	0.996982
0.767142	0.00100594	0.230847	0.00100594
0.0776195	0.154233	0.767142	0.00100594
>MA0181.1	Vsx1/MA0181.1/Jaspar	5.23128
0.0462776	0.363179	0.0462776	0.544266
0.00100594	0.00100594	0.00100594	0.996982
0.996982	0.00100594	0.00100594	0.00100594
0.996982	0.00100594	0.00100594	0.00100594
0.00100594	0.00100594	0.00100594	0.996982
0.0915492	0.00100594	0.136821	0.770624
0.680081	0.00100594	0.272636	0.0462776
>MA0182.1	CG4328-RA/MA0182.1/Jaspar	4.37469
0.399396	0.0674044	0.100604	0.432596
0.2334	0.0342051	0.00100594	0.731389
0.432596	0.00100594	0.00100594	0.565392
0.996982	0.00100594	0.00100594	0.00100594
0.00100594	0.00100594	0.00100594	0.996982
0.00100594	0.00100594	0.200201	0.797787
0.498994	0.00100594	0.498994	0.00100594
>MA0183.1	HHEX/MA0183.1/Jaspar	5.22848
0.269153	0.115926	0.0776195	0.537301
0.00100594	0.269153	0.00100594	0.728835
0.00100594	0.230847	0.269153	0.498994
0.805448	0.00100594	0.0776195	0.115926
0.996982	0.00100594	0.00100594	0.00100594
0.00100594	0.115926	0.115926	0.767142
0.269153	0.00100594	0.0393127	0.690528
0.843755	0.00100594	0.154233	0.00100594
>MA0184.1	CG9876/MA0184.1/Jaspar	5.1912
0.100604	0.449195	0.150402	0.299799
0.00100594	0.00100594	0.00100594	0.996982
0.897385	0.00100594	0.00100594	0.100604
0.996982	0.00100594	0.00100594	0.00100594
0.00100594	0.00100594	0.00100594	0.996982
0.00100594	0.00100594	0.0508047	0.947183
0.698189	0.00100594	0.299799	0.00100594
>MA0185.1	Deaf1/MA0185.1/Jaspar	3.92861
0.00100594	0.299799	0.00100594	0.698189
0.00100594	0.00100594	0.00100594	0.996982
0.00100594	0.996982	0.00100594	0.00100594
0.00100594	0.00100594	0.996982	0.00100594
0.00100594	0.00100594	0.498994	0.498994
0.100604	0.299799	0.399396	0.200201
>MA0186.1	Dfd/MA0186.1/Jaspar	5.52495
0.0425049	0.167002	0.125503	0.66499
0.00100594	0.00100594	0.00100594	0.996982
0.996982	0.00100594	0.00100594	0.00100594
0.996982	0.00100594	0.00100594	0.00100594
0.00100594	0.00100594	0.00100594	0.996982
0.0425049	0.00100594	0.789487	0.167002
0.872485	0.00100594	0.125503	0.00100594
>MA0187.1	Dll/MA0187.1/Jaspar	4.84276
0.0443093	0.00100594	0.00100594	0.953679
0.953679	0.00100594	0.0443093	0.00100594
0.996982	0.00100594	0.00100594	0.00100594
0.00100594	0.00100594	0.00100594	0.996982
0.130916	0.00100594	0.130916	0.737162
0.434039	0.00100594	0.390736	0.174219
0.0443093	0.520646	0.174219	0.260826
>MA0188.1	Dr/MA0188.1/Jaspar	5.53805
0.0484334	0.617563	0.285571	0.0484334
0.00100594	0.759845	0.00100594	0.238143
0.996982	0.00100594	0.00100594	0.00100594
0.996982	0.00100594	0.00100594	0.00100594
0.00100594	0.00100594	0.00100594	0.996982
0.00100594	0.00100594	0.00100594	0.996982
0.996982	0.00100594	0.00100594	0.00100594
>MA0189.1	E5/MA0189.1/Jaspar	4.7798
0.116817	0.34844	0.139979	0.394764
0.0704927	0.00100594	0.00100594	0.927495
0.996982	0.00100594	0.00100594	0.00100594
0.97382	0.00100594	0.00100594	0.0241682
0.0241682	0.00100594	0.0241682	0.950658
0.116817	0.00100594	0.371602	0.510575
0.788522	0.00100594	0.209466	0.00100594
>MA0190.1	Gsc/MA0190.1/Jaspar	4.8659
0.00100594	0.00100594	0.00100594	0.996982
0.996982	0.00100594	0.00100594	0.00100594
0.996982	0.00100594	0.00100594	0.00100594
0.00100594	0.00100594	0.00100594	0.996982
0.00100594	0.996982	0.00100594	0.00100594
0.00100594	0.634809	0.0915492	0.272636
>MA0191.1	HGTX/MA0191.1/Jaspar	5.18835
0.200201	0.100604	0.150402	0.548793
0.00100594	0.00100594	0.00100594	0.996982
0.996982	0.00100594	0.00100594	0.00100594
0.996982	0.00100594	0.00100594	0.00100594
0.00100594	0.00100594	0.00100594	0.996982
0.0508047	0.00100594	0.299799	0.648391
0.747988	0.00100594	0.25	0.00100594
>MA0192.1	Hmx/MA0192.1/Jaspar	5.59459
0.0508047	0.150402	0.00100594	0.797787
0.00100594	0.00100594	0.00100594	0.996982
0.996982	0.00100594	0.00100594	0.00100594
0.996982	0.00100594	0.00100594	0.00100594
0.0508047	0.00100594	0.00100594	0.947183
0.00100594	0.150402	0.00100594	0.847586
0.200201	0.00100594	0.797787	0.00100594
>MA0193.1	schlank/MA0193.1/Jaspar	4.90106
0.00100594	0.996982	0.00100594	0.00100594
0.00100594	0.472784	0.00100594	0.525204
0.892143	0.105846	0.00100594	0.00100594
0.0534257	0.944562	0.00100594	0.00100594
0.00100594	0.630044	0.00100594	0.367945
0.944562	0.00100594	0.0534257	0.00100594
0.630044	0.00100594	0.210685	0.158265
>MA0194.1	Lim1/MA0194.1/Jaspar	5.89505
0.00100594	0.11167	0.00100594	0.886318
0.00100594	0.00100594	0.00100594	0.996982
0.996982	0.00100594	0.00100594	0.00100594
0.996982	0.00100594	0.00100594	0.00100594
0.00100594	0.00100594	0.00100594	0.996982
0.00100594	0.00100594	0.00100594	0.996982
0.94165	0.00100594	0.056338	0.00100594
>MA0195.1	Lim3/MA0195.1/Jaspar	4.80079
0.150402	0.349598	0.100604	0.399396
0.200201	0.00100594	0.00100594	0.797787
0.797787	0.00100594	0.150402	0.0508047
0.996982	0.00100594	0.00100594	0.00100594
0.00100594	0.00100594	0.00100594	0.996982
0.00100594	0.100604	0.200201	0.698189
0.797787	0.00100594	0.200201	0.00100594
>MA0196.1	NK7.1/MA0196.1/Jaspar	4.97424
0.143288	0.143288	0.0294624	0.683961
0.00100594	0.00100594	0.00100594	0.996982
0.940069	0.00100594	0.0579189	0.00100594
0.996982	0.00100594	0.00100594	0.00100594
0.114832	0.00100594	0.143288	0.740874
0.171745	0.00100594	0.200201	0.627048
0.37094	0.00100594	0.627048	0.00100594
>MA0198.1	OdsH/MA0198.1/Jaspar	5.24853
0.00100594	0.498994	0.182093	0.317907
0.00100594	0.00100594	0.00100594	0.996982
0.996982	0.00100594	0.00100594	0.00100594
0.996982	0.00100594	0.00100594	0.00100594
0.00100594	0.00100594	0.00100594	0.996982
0.00100594	0.00100594	0.00100594	0.996982
0.589537	0.00100594	0.363179	0.0462776
>MA0199.1	Optix/MA0199.1/Jaspar	4.13794
0.00100594	0.185446	0.00100594	0.812542
0.00100594	0.00100594	0.996982	0.00100594
0.996982	0.00100594	0.00100594	0.00100594
0.00100594	0.00100594	0.00100594	0.996982
0.960094	0.00100594	0.0378939	0.00100594
>MA0200.1	Pph13/MA0200.1/Jaspar	5.0789
0.285571	0.380425	0.143288	0.190716
0.00100594	0.00100594	0.00100594	0.996982
0.996982	0.00100594	0.00100594	0.00100594
0.996982	0.00100594	0.00100594	0.00100594
0.00100594	0.00100594	0.00100594	0.996982
0.00100594	0.0484334	0.00100594	0.949555
0.617563	0.0484334	0.285571	0.0484334
>MA0201.1	Ptx1/MA0201.1/Jaspar	5.75076
0.00100594	0.25	0.0508047	0.698189
0.00100594	0.00100594	0.00100594	0.996982
0.996982	0.00100594	0.00100594	0.00100594
0.996982	0.00100594	0.00100594	0.00100594
0.00100594	0.00100594	0.00100594	0.996982
0.00100594	0.996982	0.00100594	0.00100594
0.00100594	0.947183	0.00100594	0.0508047
>MA0202.1	Rx/MA0202.1/Jaspar	5.26446
0.11167	0.48055	0.00100594	0.406774
0.00100594	0.00100594	0.00100594	0.996982
0.996982	0.00100594	0.00100594	0.00100594
0.996982	0.00100594	0.00100594	0.00100594
0.00100594	0.00100594	0.00100594	0.996982
0.00100594	0.00100594	0.00100594	0.996982
0.628102	0.00100594	0.369886	0.00100594
>MA0203.1	Scr/MA0203.1/Jaspar	5.43203
0.120523	0.279879	0.00100594	0.598592
0.00100594	0.00100594	0.00100594	0.996982
0.996982	0.00100594	0.00100594	0.00100594
0.996982	0.00100594	0.00100594	0.00100594
0.00100594	0.00100594	0.00100594	0.996982
0.00100594	0.00100594	0.718109	0.279879
0.917304	0.00100594	0.080684	0.00100594
>MA0204.1	Six4/MA0204.1/Jaspar	4.61969
0.00100594	0.00100594	0.00100594	0.996982
0.00100594	0.00100594	0.996982	0.00100594
0.996982	0.00100594	0.00100594	0.00100594
0.00100594	0.349598	0.200201	0.449195
0.996982	0.00100594	0.00100594	0.00100594
0.0508047	0.947183	0.00100594	0.00100594
>MA0206.1	abd-A/MA0206.1/Jaspar	5.37543
0.056338	0.167002	0.00100594	0.775654
0.00100594	0.00100594	0.00100594	0.996982
0.886318	0.00100594	0.00100594	0.11167
0.996982	0.00100594	0.00100594	0.00100594
0.056338	0.00100594	0.00100594	0.94165
0.00100594	0.00100594	0.332998	0.66499
0.830986	0.056338	0.11167	0.00100594
>MA0207.1	achi/MA0207.1/Jaspar	4.90255
0.00100594	0.00100594	0.00100594	0.996982
0.00100594	0.00100594	0.996982	0.00100594
0.996982	0.00100594	0.00100594	0.00100594
0.00100594	0.953679	0.00100594	0.0443093
0.996982	0.00100594	0.00100594	0.00100594
0.176766	0.00100594	0.704048	0.11818
>MA0208.1	al/MA0208.1/Jaspar	5.8375
0.00100594	0.00100594	0.00100594	0.996982
0.996982	0.00100594	0.00100594	0.00100594
0.996982	0.00100594	0.00100594	0.00100594
0.00100594	0.00100594	0.00100594	0.996982
0.00100594	0.00100594	0.00100594	0.996982
0.847586	0.00100594	0.150402	0.00100594
0.897385	0.00100594	0.100604	0.00100594
>MA0209.1	ap/MA0209.1/Jaspar	5.2311
0.105846	0.525204	0.00100594	0.367945
0.0534257	0.00100594	0.00100594	0.944562
0.996982	0.00100594	0.00100594	0.00100594
0.996982	0.00100594	0.00100594	0.00100594
0.00100594	0.00100594	0.00100594	0.996982
0.00100594	0.00100594	0.315525	0.682463
0.839723	0.00100594	0.158265	0.00100594
>MA0210.1	ara/MA0210.1/Jaspar	3.53954
0.411114	0.00100594	0.147473	0.440407
0.674755	0.00100594	0.00100594	0.323234
0.996982	0.00100594	0.00100594	0.00100594
0.00100594	0.996982	0.00100594	0.00100594
0.996982	0.00100594	0.00100594	0.00100594
>MA0211.1	bap/MA0211.1/Jaspar	5.72361
0.00100594	0.00100594	0.0443093	0.953679
0.00100594	0.00100594	0.00100594	0.996982
0.996982	0.00100594	0.00100594	0.00100594
0.996982	0.00100594	0.00100594	0.00100594
0.00100594	0.00100594	0.996982	0.00100594
0.0443093	0.00100594	0.00100594	0.953679
0.304129	0.00100594	0.693859	0.00100594
>MA0212.1	bcd/MA0212.1/Jaspar	5.02912
0.00100594	0.00100594	0.00100594	0.996982
0.906439	0.00100594	0.00100594	0.0915492
0.996982	0.00100594	0.00100594	0.00100594
0.00100594	0.00100594	0.0462776	0.951711
0.00100594	0.996982	0.00100594	0.00100594
0.00100594	0.951711	0.00100594	0.0462776
>MA0213.1	brk/MA0213.1/Jaspar	5.48304
0.100604	0.498994	0.399396	0.00100594
0.00100594	0.399396	0.00100594	0.598592
0.00100594	0.00100594	0.996982	0.00100594
0.00100594	0.00100594	0.996982	0.00100594
0.00100594	0.996982	0.00100594	0.00100594
0.100604	0.00100594	0.897385	0.00100594
0.100604	0.797787	0.00100594	0.100604
0.00100594	0.498994	0.100604	0.399396
>MA0214.1	bsh/MA0214.1/Jaspar	4.80442
0.0632545	0.187751	0.125503	0.623491
0.00100594	0.00100594	0.00100594	0.996982
0.996982	0.00100594	0.00100594	0.00100594
0.996982	0.00100594	0.00100594	0.00100594
0.00100594	0.0632545	0.00100594	0.934734
0.00100594	0.187751	0.374497	0.436746
0.436746	0.00100594	0.561243	0.00100594
>MA0215.1	btn/MA0215.1/Jaspar	5.21208
0.217523	0.0443093	0.174219	0.563949
0.00100594	0.00100594	0.00100594	0.996982
0.953679	0.00100594	0.0443093	0.00100594
0.996982	0.00100594	0.00100594	0.00100594
0.00100594	0.0443093	0.00100594	0.953679
0.00100594	0.00100594	0.650556	0.347432
0.823769	0.00100594	0.130916	0.0443093
>MA0217.1	caup/MA0217.1/Jaspar	3.81448
0.210685	0.0534257	0.105846	0.630044
0.734883	0.00100594	0.105846	0.158265
0.996982	0.00100594	0.00100594	0.00100594
0.00100594	0.996982	0.00100594	0.00100594
0.996982	0.00100594	0.00100594	0.00100594
>MA0218.1	ct/MA0218.1/Jaspar	4.32168
0.00100594	0.299799	0.00100594	0.698189
0.0508047	0.100604	0.00100594	0.847586
0.449195	0.00100594	0.548793	0.00100594
0.996982	0.00100594	0.00100594	0.00100594
0.847586	0.00100594	0.0508047	0.100604
0.00100594	0.947183	0.0508047	0.00100594
>MA0219.1	ems/MA0219.1/Jaspar	4.6949
0.150402	0.349598	0.0508047	0.449195
0.150402	0.00100594	0.00100594	0.847586
0.947183	0.00100594	0.00100594	0.0508047
0.947183	0.00100594	0.0508047	0.00100594
0.00100594	0.00100594	0.00100594	0.996982
0.00100594	0.0508047	0.498994	0.449195
0.698189	0.00100594	0.299799	0.00100594
>MA0220.1	en/MA0220.1/Jaspar	5.13717
0.0876126	0.347432	0.0876126	0.477342
0.00100594	0.00100594	0.00100594	0.996982
0.996982	0.00100594	0.00100594	0.00100594
0.996982	0.00100594	0.00100594	0.00100594
0.00100594	0.00100594	0.00100594	0.996982
0.00100594	0.00100594	0.0876126	0.910376
0.563949	0.00100594	0.434039	0.00100594
>MA0221.1	eve/MA0221.1/Jaspar	4.8069
0.136821	0.453722	0.00100594	0.408451
0.0462776	0.00100594	0.00100594	0.951711
0.996982	0.00100594	0.00100594	0.00100594
0.996982	0.00100594	0.00100594	0.00100594
0.00100594	0.0915492	0.0462776	0.861167
0.00100594	0.0915492	0.498994	0.408451
0.770624	0.00100594	0.182093	0.0462776
>MA0222.1	exd/MA0222.1/Jaspar	5.4983
0.235353	0.235353	0.235353	0.29394
0.0595928	0.00100594	0.11818	0.821222
0.00100594	0.00100594	0.00100594	0.996982
0.00100594	0.00100594	0.00100594	0.996982
0.00100594	0.00100594	0.996982	0.00100594
0.996982	0.00100594	0.00100594	0.00100594
0.00100594	0.704048	0.00100594	0.29394
0.645461	0.00100594	0.352527	0.00100594
>MA0224.1	exex/MA0224.1/Jaspar	5.34491
0.00100594	0.304129	0.434039	0.260826
0.00100594	0.00100594	0.00100594	0.996982
0.996982	0.00100594	0.00100594	0.00100594
0.996982	0.00100594	0.00100594	0.00100594
0.00100594	0.00100594	0.00100594	0.996982
0.0443093	0.0443093	0.00100594	0.910376
0.867072	0.00100594	0.130916	0.00100594
>MA0225.1	ftz/MA0225.1/Jaspar	5.27032
0.056338	0.11167	0.00100594	0.830986
0.056338	0.00100594	0.00100594	0.94165
0.996982	0.00100594	0.00100594	0.00100594
0.996982	0.00100594	0.00100594	0.00100594
0.00100594	0.00100594	0.00100594	0.996982
0.00100594	0.00100594	0.498994	0.498994
0.775654	0.00100594	0.222334	0.00100594
>MA0226.1	hbn/MA0226.1/Jaspar	5.34009
0.11818	0.11818	0.11818	0.645461
0.00100594	0.00100594	0.00100594	0.996982
0.996982	0.00100594	0.00100594	0.00100594
0.996982	0.00100594	0.00100594	0.00100594
0.00100594	0.00100594	0.00100594	0.996982
0.00100594	0.00100594	0.00100594	0.996982
0.528287	0.00100594	0.411114	0.0595928
>MA0227.1	hth/MA0227.1/Jaspar	4.77445
0.00100594	0.00100594	0.00100594	0.996982
0.00100594	0.00100594	0.996982	0.00100594
0.996982	0.00100594	0.00100594	0.00100594
0.00100594	0.996982	0.00100594	0.00100594
0.821222	0.00100594	0.176766	0.00100594
0.00100594	0.00100594	0.66499	0.332998
>MA0228.1	ind/MA0228.1/Jaspar	5.26775
0.00100594	0.570135	0.00100594	0.427853
0.00100594	0.00100594	0.00100594	0.996982
0.996982	0.00100594	0.00100594	0.00100594
0.996982	0.00100594	0.00100594	0.00100594
0.00100594	0.00100594	0.0484334	0.949555
0.00100594	0.00100594	0.380425	0.617563
0.902127	0.00100594	0.0958608	0.00100594
>MA0229.1	inv/MA0229.1/Jaspar	5.91652
0.25	0.00100594	0.187751	0.561243
0.0632545	0.561243	0.00100594	0.374497
0.00100594	0.00100594	0.00100594	0.996982
0.996982	0.00100594	0.00100594	0.00100594
0.996982	0.00100594	0.00100594	0.00100594
0.00100594	0.00100594	0.00100594	0.996982
0.00100594	0.00100594	0.00100594	0.996982
0.68574	0.00100594	0.312249	0.00100594
>MA0230.1	lab/MA0230.1/Jaspar	5.49425
0.0632545	0.187751	0.00100594	0.747988
0.00100594	0.00100594	0.00100594	0.996982
0.996982	0.00100594	0.00100594	0.00100594
0.996982	0.00100594	0.00100594	0.00100594
0.0632545	0.00100594	0.00100594	0.934734
0.00100594	0.00100594	0.374497	0.623491
0.996982	0.00100594	0.00100594	0.00100594
>MA0231.1	lbe/MA0231.1/Jaspar	4.07879
0.00100594	0.00100594	0.00100594	0.996982
0.996982	0.00100594	0.00100594	0.00100594
0.996982	0.00100594	0.00100594	0.00100594
0.0462776	0.453722	0.0915492	0.408451
0.182093	0.227364	0.136821	0.453722
0.861167	0.00100594	0.136821	0.00100594
>MA0232.1	lbl/MA0232.1/Jaspar	4.40399
0.00100594	0.00100594	0.00100594	0.996982
0.996982	0.00100594	0.00100594	0.00100594
0.996982	0.00100594	0.00100594	0.00100594
0.00100594	0.217523	0.00100594	0.780466
0.0443093	0.130916	0.304129	0.520646
0.737162	0.00100594	0.260826	0.00100594
>MA0233.1	mirr/MA0233.1/Jaspar	3.62931
0.486848	0.025298	0.025298	0.462556
0.705477	0.00100594	0.0495901	0.243927
0.996982	0.00100594	0.00100594	0.00100594
0.00100594	0.996982	0.00100594	0.00100594
0.996982	0.00100594	0.00100594	0.00100594
>MA0234.1	oc/MA0234.1/Jaspar	5.008
0.00100594	0.00100594	0.00100594	0.996982
0.996982	0.00100594	0.00100594	0.00100594
0.996982	0.00100594	0.00100594	0.00100594
0.00100594	0.00100594	0.105846	0.892143
0.00100594	0.996982	0.00100594	0.00100594
0.00100594	0.892143	0.0534257	0.0534257
>MA0235.1	onecut/MA0235.1/Jaspar	5.29805
0.0674044	0.133803	0.00100594	0.797787
0.00100594	0.00100594	0.00100594	0.996982
0.00100594	0.00100594	0.996982	0.00100594
0.996982	0.00100594	0.00100594	0.00100594
0.00100594	0.00100594	0.00100594	0.996982
0.00100594	0.00100594	0.00100594	0.996982
0.332998	0.00100594	0.2666	0.399396
>MA0236.1	otp/MA0236.1/Jaspar	5.24518
0.0508047	0.299799	0.100604	0.548793
0.00100594	0.0508047	0.00100594	0.947183
0.996982	0.00100594	0.00100594	0.00100594
0.996982	0.00100594	0.00100594	0.00100594
0.00100594	0.00100594	0.00100594	0.996982
0.00100594	0.0508047	0.200201	0.747988
0.747988	0.00100594	0.150402	0.100604
>MA0238.1	pb/MA0238.1/Jaspar	5.14085
0.167002	0.374497	0.00100594	0.457495
0.00100594	0.00100594	0.00100594	0.996982
0.996982	0.00100594	0.00100594	0.00100594
0.996982	0.00100594	0.00100594	0.00100594
0.00100594	0.00100594	0.00100594	0.996982
0.00100594	0.00100594	0.457495	0.540493
0.996982	0.00100594	0.00100594	0.00100594
>MA0239.1	prd/MA0239.1/Jaspar	5.5419
0.47528	0.190716	0.00100594	0.332998
0.0484334	0.190716	0.66499	0.0958608
0.190716	0.0958608	0.0958608	0.617563
0.949555	0.00100594	0.00100594	0.0484334
0.996982	0.00100594	0.00100594	0.00100594
0.00100594	0.996982	0.00100594	0.00100594
0.332998	0.238143	0.143288	0.285571
0.00100594	0.00100594	0.996982	0.00100594
0.238143	0.190716	0.0958608	0.47528
>MA0240.1	repo/MA0240.1/Jaspar	5.54008
0.0365765	0.143288	0.143288	0.676847
0.0365765	0.00100594	0.00100594	0.961412
0.961412	0.00100594	0.00100594	0.0365765
0.996982	0.00100594	0.00100594	0.00100594
0.00100594	0.00100594	0.00100594	0.996982
0.00100594	0.00100594	0.00100594	0.996982
0.747988	0.00100594	0.25	0.00100594
>MA0241.1	ro/MA0241.1/Jaspar	5.39573
0.0443093	0.520646	0.130916	0.304129
0.00100594	0.00100594	0.00100594	0.996982
0.996982	0.00100594	0.00100594	0.00100594
0.996982	0.00100594	0.00100594	0.00100594
0.00100594	0.00100594	0.00100594	0.996982
0.00100594	0.00100594	0.130916	0.867072
0.823769	0.00100594	0.174219	0.00100594
>MA0242.1	Bgb::run/MA0242.1/Jaspar	6.82741
0.413134	0.069694	0.00100594	0.516166
0.928294	0.00100594	0.0353499	0.0353499
0.962638	0.00100594	0.0353499	0.00100594
0.00100594	0.996982	0.00100594	0.00100594
0.00100594	0.962638	0.0353499	0.00100594
0.172726	0.0353499	0.790918	0.00100594
0.00100594	0.996982	0.00100594	0.00100594
0.962638	0.00100594	0.00100594	0.0353499
0.687886	0.00100594	0.310102	0.00100594
>MA0243.1	sd/MA0243.1/Jaspar	5.80661
0.214429	0.00100594	0.570135	0.214429
0.570135	0.0721471	0.0721471	0.285571
0.285571	0.570135	0.0721471	0.0721471
0.996982	0.00100594	0.00100594	0.00100594
0.0721471	0.0721471	0.00100594	0.8547
0.214429	0.00100594	0.0721471	0.712418
0.00100594	0.570135	0.00100594	0.427853
0.214429	0.356712	0.214429	0.214429
0.285571	0.0721471	0.143288	0.498994
0.356712	0.427853	0.214429	0.00100594
0.356712	0.0721471	0.498994	0.0721471
0.285571	0.214429	0.285571	0.214429
>MA0244.1	slbo/MA0244.1/Jaspar	5.18744
0.747988	0.084004	0.084004	0.084004
0.00100594	0.084004	0.00100594	0.913984
0.00100594	0.00100594	0.25	0.747988
0.25	0.167002	0.581992	0.00100594
0.167002	0.830986	0.00100594	0.00100594
0.581992	0.167002	0.167002	0.084004
0.498994	0.415996	0.084004	0.00100594
0.913984	0.084004	0.00100594	0.00100594
>MA0245.1	slou/MA0245.1/Jaspar	4.91103
0.136821	0.227364	0.0462776	0.589537
0.00100594	0.0462776	0.00100594	0.951711
0.996982	0.00100594	0.00100594	0.00100594
0.951711	0.00100594	0.0462776	0.00100594
0.00100594	0.00100594	0.00100594	0.996982
0.0915492	0.0462776	0.227364	0.634809
0.498994	0.00100594	0.498994	0.00100594
>MA0246.1	so/MA0246.1/Jaspar	4.93654
0.00100594	0.00100594	0.0378939	0.960094
0.00100594	0.00100594	0.996982	0.00100594
0.996982	0.00100594	0.00100594	0.00100594
0.00100594	0.00100594	0.0378939	0.960094
0.996982	0.00100594	0.00100594	0.00100594
0.00100594	0.767142	0.00100594	0.230847
>MA0248.1	tup/MA0248.1/Jaspar	4.96677
0.25	0.125503	0.0632545	0.561243
0.0632545	0.00100594	0.00100594	0.934734
0.996982	0.00100594	0.00100594	0.00100594
0.996982	0.00100594	0.00100594	0.00100594
0.00100594	0.00100594	0.125503	0.872485
0.0632545	0.00100594	0.436746	0.498994
0.125503	0.00100594	0.810237	0.0632545
>MA0250.1	unc-4/MA0250.1/Jaspar	5.42516
0.0484334	0.238143	0.0958608	0.617563
0.00100594	0.00100594	0.00100594	0.996982
0.996982	0.00100594	0.00100594	0.00100594
0.996982	0.00100594	0.00100594	0.00100594
0.00100594	0.00100594	0.00100594	0.996982
0.0484334	0.00100594	0.00100594	0.949555
0.285571	0.0484334	0.66499	0.00100594
>MA0251.1	unpg/MA0251.1/Jaspar	5.20081
0.0484334	0.285571	0.190716	0.47528
0.0484334	0.00100594	0.00100594	0.949555
0.996982	0.00100594	0.00100594	0.00100594
0.996982	0.00100594	0.00100594	0.00100594
0.00100594	0.00100594	0.00100594	0.996982
0.00100594	0.00100594	0.0958608	0.902127
0.66499	0.00100594	0.332998	0.00100594
>MA0252.1	vis/MA0252.1/Jaspar	4.71665
0.00100594	0.00100594	0.00100594	0.996982
0.00100594	0.00100594	0.996982	0.00100594
0.996982	0.00100594	0.00100594	0.00100594
0.00100594	0.996982	0.00100594	0.00100594
0.996982	0.00100594	0.00100594	0.00100594
0.125503	0.25	0.498994	0.125503
>MA0253.1	vnd/MA0253.1/Jaspar	6.40842
0.210685	0.00100594	0.105846	0.682463
0.0534257	0.420364	0.0534257	0.472784
0.00100594	0.00100594	0.00100594	0.996982
0.00100594	0.787303	0.105846	0.105846
0.996982	0.00100594	0.00100594	0.00100594
0.996982	0.00100594	0.00100594	0.00100594
0.00100594	0.00100594	0.996982	0.00100594
0.105846	0.00100594	0.00100594	0.892143
0.472784	0.00100594	0.525204	0.00100594
>MA0254.1	vvl/MA0254.1/Jaspar	4.16913
0.00100594	0.182093	0.00100594	0.815896
0.996982	0.00100594	0.00100594	0.00100594
0.182093	0.182093	0.00100594	0.634809
0.00100594	0.00100594	0.544266	0.453722
0.272636	0.725352	0.00100594	0.00100594
0.996982	0.00100594	0.00100594	0.00100594
>MA0255.1	z/MA0255.1/Jaspar	5.74376
0.268219	0.0738822	0.122466	0.535432
0.025298	0.171051	0.0738822	0.729769
0.025298	0.00100594	0.97269	0.00100594
0.996982	0.00100594	0.00100594	0.00100594
0.025298	0.00100594	0.97269	0.00100594
0.195343	0.243927	0.00100594	0.559724
0.0495901	0.146759	0.705477	0.0981744
0.438264	0.171051	0.268219	0.122466
0.243927	0.122466	0.292511	0.341095
0.341095	0.146759	0.0495901	0.462556
>MA0256.1	zen/MA0256.1/Jaspar	5.41514
0.125503	0.561243	0.00100594	0.312249
0.00100594	0.00100594	0.00100594	0.996982
0.996982	0.00100594	0.00100594	0.00100594
0.996982	0.00100594	0.00100594	0.00100594
0.00100594	0.00100594	0.00100594	0.996982
0.00100594	0.00100594	0.68574	0.312249
0.996982	0.00100594	0.00100594	0.00100594
>MA0257.1	zen2/MA0257.1/Jaspar	5.01826
0.115926	0.269153	0.19254	0.422381
0.0393127	0.00100594	0.00100594	0.958675
0.996982	0.00100594	0.00100594	0.00100594
0.996982	0.00100594	0.00100594	0.00100594
0.00100594	0.0393127	0.00100594	0.958675
0.00100594	0.00100594	0.384074	0.613914
0.843755	0.00100594	0.154233	0.00100594
>MA0094.2	Ubx/MA0094.2/Jaspar	5.82433
0.150402	0.25	0.150402	0.449195
0.00100594	0.00100594	0.00100594	0.996982
0.00100594	0.00100594	0.00100594	0.996982
0.847586	0.00100594	0.00100594	0.150402
0.996982	0.00100594	0.00100594	0.00100594
0.00100594	0.00100594	0.00100594	0.996982
0.00100594	0.00100594	0.299799	0.698189
0.698189	0.00100594	0.299799	0.00100594
>MA0443.1	btd/MA0443.1/Jaspar	6.77144
0.465795	0.100604	0.2334	0.200201
0.332998	0.00100594	0.66499	0.00100594
0.133803	0.00100594	0.598592	0.2666
0.0674044	0.00100594	0.930584	0.00100594
0.00100594	0.00100594	0.996982	0.00100594
0.00100594	0.00100594	0.996982	0.00100594
0.0674044	0.930584	0.00100594	0.00100594
0.00100594	0.00100594	0.996982	0.00100594
0.00100594	0.00100594	0.66499	0.332998
0.498994	0.0342051	0.332998	0.133803
>MA0444.1	CG34031/MA0444.1/Jaspar	5.50296
0.00100594	0.040845	0.040845	0.917304
0.00100594	0.00100594	0.00100594	0.996982
0.877465	0.00100594	0.00100594	0.120523
0.996982	0.00100594	0.00100594	0.00100594
0.080684	0.00100594	0.00100594	0.917304
0.279879	0.00100594	0.040845	0.67827
0.120523	0.00100594	0.877465	0.00100594
>MA0445.1	D/MA0445.1/Jaspar	7.14275
0.0353499	0.275758	0.241414	0.447478
0.00100594	0.859606	0.00100594	0.138382
0.00100594	0.584854	0.00100594	0.413134
0.687886	0.00100594	0.00100594	0.310102
0.00100594	0.00100594	0.00100594	0.996982
0.00100594	0.00100594	0.104038	0.89395
0.069694	0.00100594	0.928294	0.00100594
0.00100594	0.00100594	0.00100594	0.996982
0.0353499	0.069694	0.138382	0.756574
0.138382	0.344446	0.20707	0.310102
0.20707	0.0353499	0.0353499	0.72223
>MA0446.1	fkh/MA0446.1/Jaspar	6.92599
0.11167	0.00100594	0.00100594	0.886318
0.185446	0.00100594	0.812542	0.00100594
0.00100594	0.00100594	0.00100594	0.996982
0.00100594	0.00100594	0.00100594	0.996982
0.00100594	0.00100594	0.0378939	0.960094
0.48055	0.00100594	0.517438	0.00100594
0.148558	0.48055	0.074782	0.29611
0.222334	0.259222	0.11167	0.406774
0.00100594	0.406774	0.074782	0.517438
0.84943	0.00100594	0.0378939	0.11167
0.554326	0.148558	0.148558	0.148558
>MA0447.1	gt/MA0447.1/Jaspar	7.24071
0.465795	0.084004	0.415996	0.0342051
0.00100594	0.00100594	0.00100594	0.996982
0.0176055	0.0176055	0.0508047	0.913984
0.897385	0.00100594	0.100604	0.00100594
0.00100594	0.880785	0.00100594	0.117203
0.117203	0.00100594	0.880785	0.00100594
0.00100594	0.100604	0.00100594	0.897385
0.913984	0.0508047	0.0176055	0.0176055
0.996982	0.00100594	0.00100594	0.00100594
0.0342051	0.415996	0.084004	0.465795
>MA0448.1	H2.0/MA0448.1/Jaspar	4.52366
0.187751	0.0943787	0.125503	0.592367
0.0632545	0.0321302	0.00100594	0.903609
0.498994	0.0321302	0.0321302	0.436746
0.965858	0.00100594	0.00100594	0.0321302
0.00100594	0.00100594	0.00100594	0.996982
0.25	0.00100594	0.281124	0.46787
0.747988	0.00100594	0.218876	0.0321302
>MA0449.1	h/MA0449.1/Jaspar	6.75443
0.0302994	0.0595928	0.879809	0.0302994
0.0888862	0.20606	0.498994	0.20606
0.0302994	0.909102	0.0302994	0.0302994
0.645461	0.0302994	0.29394	0.0302994
0.0302994	0.879809	0.0302994	0.0595928
0.0595928	0.0302994	0.879809	0.0302994
0.0302994	0.29394	0.0302994	0.645461
0.0302994	0.0302994	0.909102	0.0302994
0.20606	0.498994	0.20606	0.0888862
0.0302994	0.879809	0.0595928	0.0302994
>MA0450.1	hkb/MA0450.1/Jaspar	6.92548
0.0943787	0.00100594	0.561243	0.343373
0.25	0.00100594	0.747988	0.00100594
0.00100594	0.00100594	0.996982	0.00100594
0.00100594	0.00100594	0.996982	0.00100594
0.00100594	0.996982	0.00100594	0.00100594
0.00100594	0.00100594	0.996982	0.00100594
0.00100594	0.00100594	0.0943787	0.903609
0.00100594	0.00100594	0.965858	0.0321302
0.747988	0.0943787	0.0632545	0.0943787
>MA0451.1	kni/MA0451.1/Jaspar	7.85755
0.728835	0.0393127	0.0776195	0.154233
0.958675	0.0393127	0.00100594	0.00100594
0.613914	0.00100594	0.00100594	0.384074
0.19254	0.345767	0.230847	0.230847
0.00100594	0.154233	0.0393127	0.805448
0.805448	0.00100594	0.19254	0.00100594
0.00100594	0.00100594	0.996982	0.00100594
0.652221	0.00100594	0.30746	0.0393127
0.0393127	0.115926	0.690528	0.154233
0.00100594	0.996982	0.00100594	0.00100594
0.958675	0.00100594	0.0393127	0.00100594
0.19254	0.460687	0.269153	0.0776195
>MA0197.2	nub/MA0197.2/Jaspar	8.23907
0.069694	0.0353499	0.0353499	0.859606
0.996982	0.00100594	0.00100594	0.00100594
0.00100594	0.00100594	0.00100594	0.996982
0.00100594	0.00100594	0.859606	0.138382
0.00100594	0.653542	0.0353499	0.310102
0.825262	0.00100594	0.00100594	0.172726
0.962638	0.00100594	0.0353499	0.00100594
0.962638	0.00100594	0.00100594	0.0353499
0.138382	0.0353499	0.00100594	0.825262
0.20707	0.172726	0.275758	0.344446
0.653542	0.172726	0.0353499	0.138382
0.138382	0.104038	0.516166	0.241414
>MA0454.1	odd/MA0454.1/Jaspar	7.77087
0.465795	0.332998	0.00100594	0.200201
0.66499	0.332998	0.00100594	0.00100594
0.00100594	0.930584	0.0674044	0.00100594
0.797787	0.00100594	0.200201	0.00100594
0.00100594	0.00100594	0.996982	0.00100594
0.00100594	0.00100594	0.00100594	0.996982
0.996982	0.00100594	0.00100594	0.00100594
0.00100594	0.00100594	0.996982	0.00100594
0.00100594	0.996982	0.00100594	0.00100594
0.731389	0.200201	0.0674044	0.00100594
0.332998	0.2666	0.399396	0.00100594
>MA0456.1	opa/MA0456.1/Jaspar	8.60622
0.00100594	0.056338	0.830986	0.11167
0.554326	0.38833	0.056338	0.00100594
0.056338	0.886318	0.00100594	0.056338
0.056338	0.830986	0.056338	0.056338
0.00100594	0.886318	0.056338	0.056338
0.00100594	0.996982	0.00100594	0.00100594
0.00100594	0.996982	0.00100594	0.00100594
0.00100594	0.775654	0.00100594	0.222334
0.222334	0.00100594	0.720322	0.056338
0.00100594	0.775654	0.11167	0.11167
0.167002	0.056338	0.222334	0.554326
0.11167	0.00100594	0.886318	0.00100594
>MA0457.1	PHDP/MA0457.1/Jaspar	4.87246
0.235353	0.352527	0.00100594	0.411114
0.00100594	0.00100594	0.00100594	0.996982
0.938395	0.00100594	0.00100594	0.0595928
0.996982	0.00100594	0.00100594	0.00100594
0.00100594	0.00100594	0.00100594	0.996982
0.0595928	0.00100594	0.0595928	0.879809
0.469701	0.0595928	0.235353	0.235353
>MA0458.1	slp1/MA0458.1/Jaspar	6.67876
0.195343	0.0738822	0.341095	0.38968
0.00100594	0.00100594	0.00100594	0.996982
0.0738822	0.00100594	0.924106	0.00100594
0.00100594	0.00100594	0.00100594	0.996982
0.00100594	0.00100594	0.025298	0.97269
0.00100594	0.00100594	0.0495901	0.948398
0.656893	0.00100594	0.0981744	0.243927
0.025298	0.535432	0.171051	0.268219
0.413972	0.195343	0.365387	0.025298
0.0981744	0.316803	0.0738822	0.51114
0.365387	0.0738822	0.0981744	0.462556
>MA0459.1	tll/MA0459.1/Jaspar	7.65937
0.604628	0.12173	0.12173	0.151911
0.876258	0.00100594	0.12173	0.00100594
0.996982	0.00100594	0.00100594	0.00100594
0.93662	0.031187	0.031187	0.00100594
0.00100594	0.00100594	0.996982	0.00100594
0.00100594	0.0613681	0.00100594	0.93662
0.00100594	0.996982	0.00100594	0.00100594
0.996982	0.00100594	0.00100594	0.00100594
0.93662	0.00100594	0.031187	0.031187
0.514085	0.302817	0.0613681	0.12173
>MA0460.1	ttk/MA0460.1/Jaspar	6.71634
0.453722	0.363179	0.136821	0.0462776
0.996982	0.00100594	0.00100594	0.00100594
0.00100594	0.00100594	0.996982	0.00100594
0.00100594	0.00100594	0.996982	0.00100594
0.996982	0.00100594	0.00100594	0.00100594
0.00100594	0.227364	0.00100594	0.770624
0.951711	0.00100594	0.00100594	0.0462776
0.996982	0.00100594	0.00100594	0.00100594
0.0462776	0.227364	0.136821	0.589537
>MA0216.2	cad/MA0216.2/Jaspar	7.34047
0.370335	0.00100594	0.495318	0.133341
0.249676	0.148478	0.600841	0.00100594
0.00100594	0.641493	0.00100594	0.356496
0.323195	0.638898	0.00100594	0.0369009
0.916543	0.00100594	0.0814452	0.00100594
0.00100594	0.0420905	0.00100594	0.955898
0.968007	0.00100594	0.00100594	0.0299814
0.996982	0.00100594	0.00100594	0.00100594
0.996982	0.00100594	0.00100594	0.00100594
0.708958	0.0507399	0.0645789	0.175723
0.453369	0.32752	0.00100594	0.218105
>MA0530.1	cnc::maf-S/MA0530.1/Jaspar	8.08855
0.299379	0.238443	0.335099	0.127079
0.715419	0.0430303	0.240545	0.00100594
0.00100594	0.00100594	0.00100594	0.996982
0.00100594	0.00100594	0.996982	0.00100594
0.856201	0.0976619	0.0451315	0.00100594
0.00100594	0.614561	0.169103	0.21533
0.169103	0.00100594	0.356111	0.473779
0.164901	0.452767	0.190115	0.192217
0.286771	0.0703461	0.343504	0.299379
0.0514351	0.00100594	0.887719	0.05984
0.00100594	0.996982	0.00100594	0.00100594
0.774253	0.00100594	0.223735	0.00100594
0.280468	0.269962	0.209026	0.240545
0.465375	0.133383	0.00100594	0.400237
0.450666	0.0262205	0.00100594	0.522107
>MA0531.1	CTCF/MA0531.1/Jaspar	8.87417
0.161242	0.459721	0.212036	0.167002
0.164907	0.601629	0.115685	0.117779
0.240313	0.201563	0.433538	0.124587
0.354991	0.411545	0.184282	0.0491814
0.135583	0.37489	0.0465632	0.442964
0.80428	0.00152958	0.101546	0.0926441
0.106783	0.00100594	0.891206	0.00100594
0.517845	0.00100594	0.478572	0.00257688
0.00205323	0.00310052	0.16386	0.830986
0.00100594	0.00100594	0.996982	0.00100594
0.00205323	0.00100594	0.86607	0.13087
0.0659381	0.862405	0.00257688	0.06908
0.00152958	0.00100594	0.947236	0.0502287
0.042374	0.793807	0.00519511	0.158624
0.121968	0.405785	0.0764111	0.395836
>MA0452.2	Kr/MA0452.2/Jaspar	8.17323
0.138567	0.325313	0.183909	0.352211
0.158548	0.146252	0.168539	0.52666
0.117049	0.297647	0.0571065	0.528197
0.960094	0.00100594	0.00100594	0.0378939
0.830986	0.167002	0.00100594	0.00100594
0.00945944	0.900151	0.00100594	0.0893835
0.00100594	0.905531	0.00100594	0.0924575
0.00100594	0.996982	0.00100594	0.00100594
0.00100594	0.156243	0.00100594	0.841745
0.00100594	0.00100594	0.00100594	0.996982
0.00100594	0.0878465	0.00100594	0.910142
0.0878465	0.307638	0.178529	0.425987
0.245389	0.248463	0.220028	0.28612
0.163159	0.334535	0.169307	0.332998
>MA0532.1	Stat92E/MA0532.1/Jaspar	8.61393
0.127613	0.42303	0.203577	0.24578
0.203577	0.186696	0.498994	0.110732
0.228899	0.296423	0.347065	0.127613
0.769089	0.00944641	0.144494	0.0769702
0.397708	0.00100594	0.228899	0.372387
0.00100594	0.00944641	0.00944641	0.980101
0.00100594	0.0516488	0.00100594	0.946339
0.00100594	0.895696	0.00100594	0.102292
0.00100594	0.566518	0.119173	0.313304
0.321744	0.178256	0.25422	0.24578
0.347065	0.0178869	0.591839	0.0432083
0.00100594	0.00944641	0.988542	0.00100594
0.95478	0.00100594	0.0178869	0.0263274
0.996982	0.00100594	0.00100594	0.00100594
0.532756	0.0769702	0.0854107	0.304863
>MA0533.1	su(Hw)/MA0533.1/Jaspar	12.4509
0.0716515	0.239224	0.591401	0.0977231
0.0520978	0.866414	0.00836485	0.0731233
0.164584	0.63198	0.0495748	0.153861
0.180774	0.312183	0.206425	0.300619
0.582781	0.124215	0.195491	0.0975128
0.723861	0.0447389	0.112231	0.119169
0.88765	0.0205596	0.0630311	0.0287595
0.82184	0.00500077	0.0674464	0.105713
0.0872103	0.0504158	0.791353	0.0710207
0.00458026	0.0937282	0.0211904	0.880501
0.900055	0.00542128	0.0209801	0.0735438
0.00247772	0.00331874	0.240696	0.753507
0.0428466	0.00205721	0.952618	0.00247772
0.0253955	0.966916	0.00226746	0.00542128
0.594134	0.0874206	0.00268797	0.315757
0.71419	0.0632413	0.150917	0.0716515
0.110969	0.511925	0.0411646	0.335942
0.534001	0.0754361	0.297255	0.0933077
0.382618	0.270973	0.162902	0.183507
0.470084	0.0949898	0.0735438	0.361382
0.420674	0.0806924	0.0748053	0.423828
>MA0534.1	EcR::usp/MA0534.1/Jaspar	8.70726
0.27873	0.345767	0.374497	0.00100594
0.575608	0.115926	0.30746	0.00100594
0.182963	0.0967729	0.719258	0.00100594
0.0488894	0.029736	0.33619	0.585184
0.0871962	0.00100594	0.00100594	0.910792
0.115926	0.633068	0.00100594	0.25
0.709681	0.00100594	0.288307	0.00100594
0.326614	0.10635	0.0488894	0.518147
0.00100594	0.00100594	0.00100594	0.996982
0.00100594	0.00100594	0.996982	0.00100594
0.633068	0.317037	0.00100594	0.0488894
0.470264	0.527724	0.00100594	0.00100594
0.202117	0.546878	0.00100594	0.25
0.00100594	0.326614	0.00100594	0.671375
0.230847	0.269153	0.00100594	0.498994
>MA0237.2	pan/MA0237.2/Jaspar	8.40625
0.00100594	0.00100594	0.477952	0.520036
0.00100594	0.996982	0.00100594	0.00100594
0.00100594	0.00100594	0.996982	0.00100594
0.00100594	0.281563	0.562119	0.155312
0.0992008	0.604203	0.0430894	0.253507
0.155312	0.141284	0.267535	0.435869
0.0992008	0.562119	0.00100594	0.337674
0.00100594	0.421841	0.211423	0.36573
0.00100594	0.00100594	0.00100594	0.996982
0.00100594	0.00100594	0.00100594	0.996982
0.00100594	0.00100594	0.155312	0.842676
0.155312	0.127256	0.576147	0.141284
0.477952	0.00100594	0.29559	0.225451
0.309618	0.00100594	0.00100594	0.68837
>MA0535.1	Mad/MA0535.1/Jaspar	7.91022
0.00100594	0.469701	0.459936	0.0693572
0.342762	0.254882	0.127944	0.274411
0.00100594	0.137709	0.86028	0.00100594
0.342762	0.00100594	0.547816	0.108415
0.00100594	0.996982	0.00100594	0.00100594
0.00100594	0.00100594	0.996982	0.00100594
0.225589	0.635697	0.00100594	0.137709
0.00100594	0.694284	0.303705	0.00100594
0.284176	0.00100594	0.713812	0.00100594
0.284176	0.38182	0.332998	0.00100594
0.108415	0.518523	0.245118	0.127944
0.284176	0.00100594	0.713812	0.00100594
0.11818	0.469701	0.264647	0.147473
0.313469	0.332998	0.157238	0.196295
0.108415	0.274411	0.616168	0.00100594
>MA0536.1	pnr/MA0536.1/Jaspar	7.50565
0.0949876	0.207307	0.00673652	0.690969
0.920192	0.00100594	0.00100594	0.0777958
0.00100594	0.0376817	0.00215205	0.95916
0.00100594	0.996982	0.00100594	0.00100594
0.00100594	0.00100594	0.996982	0.00100594
0.996982	0.00100594	0.00100594	0.00100594
0.00100594	0.00100594	0.00100594	0.996982
0.665754	0.00100594	0.100718	0.232522
0.141978	0.00100594	0.608448	0.248567
0.0674808	0.319627	0.223353	0.38954
0.105303	0.313896	0.127079	0.453722
>MA0247.2	tin/MA0247.2/Jaspar	6.7
0.264021	0.105438	0.155721	0.47482
0.00100594	0.364586	0.265955	0.368453
0.00100594	0.0996366	0.00100594	0.898352
0.00100594	0.822928	0.0667597	0.109306
0.631469	0.00100594	0.36652	0.00100594
0.996982	0.00100594	0.00100594	0.00100594
0.00100594	0.00100594	0.996982	0.00100594
0.00100594	0.00100594	0.00100594	0.996982
0.00100594	0.00100594	0.996982	0.00100594
0.0261471	0.304634	0.58312	0.0860991
>MA0915.1	dve/MA0915.1/Jaspar	5.58902
0.275895	0.378481	0.138451	0.207173
0.00100594	0.00100594	0.00100594	0.996982
0.996982	0.00100594	0.00100594	0.00100594
0.996982	0.00100594	0.00100594	0.00100594
0.00100594	0.00100594	0.00100594	0.996982
0.00100594	0.996982	0.00100594	0.00100594
0.00100594	0.968099	0.00100594	0.0298892
0.347606	0.217133	0.347606	0.0876559
>MA0916.1	Ets21C/MA0916.1/Jaspar	6.32143
0.00200291	0.993991	0.00200291	0.00200291
0.00200191	0.993994	0.00200191	0.00200191
0.00200191	0.00200191	0.993994	0.00200191
0.00200191	0.00200191	0.993994	0.00200191
0.993994	0.00200191	0.00200191	0.00200191
0.894397	0.00200191	0.00200191	0.1016
0.332666	0.00200191	0.66333	0.00200191
0.00200191	0.285855	0.00200191	0.710141
>MA0917.1	gcm2/MA0917.1/Jaspar	5.72879
0.728069	0.111559	0.159366	0.00100594
0.00100594	0.0129577	0.00100594	0.98503
0.23506	0.0249094	0.739024	0.00100594
0.0478168	0.797787	0.141439	0.0129577
0.0716496	0.00100594	0.750227	0.177118
0.00100594	0.00100594	0.996982	0.00100594
0.00100594	0.00100594	0.996982	0.00100594
0.0567249	0.351239	0.0935392	0.498497
>MA0086.2	sna/MA0086.2/Jaspar	7.36623
0.241036	0.200201	0.308763	0.25
0.128491	0.323702	0.263944	0.283863
0.453179	0.0577766	0.386449	0.102596
0.832646	0.00797777	0.114547	0.0448289
0.00598582	0.981047	0.00698179	0.00598582
0.981047	0.00498984	0.00797777	0.00598582
0.0876559	0.00498984	0.900372	0.00698179
0.00598582	0.00498984	0.983039	0.00598582
0.00598582	0.00498984	0.00797777	0.981047
0.0109557	0.00598084	0.972108	0.0109557
0.0428369	0.454175	0.184266	0.318722
0.533853	0.139447	0.147414	0.179286
0.289839	0.244024	0.23008	0.236056
>MA1455.1	dmrt99B/MA1455.1/Jaspar	10.1889
0.289131	0.150552	0.115658	0.444659
0.224552	0.201598	0.142718	0.431132
0.0928194	0.0389289	0.807367	0.0608843
0.341314	0.288422	0.00998769	0.360276
0.3483	0.0858336	0.0399269	0.525939
0.978021	0.00499782	0.00898971	0.00799174
0.0109857	0.954069	0.0109857	0.0239593
0.85527	0.00898971	0.0109857	0.124754
0.932179	0.0269272	0.0398879	0.00100594
0.137728	0.0219634	0.0119836	0.828325
0.0419228	0.0129816	0.932114	0.0129816
0.00399985	0.00499782	0.00300188	0.988
0.617753	0.035935	0.0668721	0.27944
0.356284	0.0119836	0.260479	0.371254
0.0639412	0.825159	0.0279782	0.0829217
0.479035	0.155692	0.2006	0.164673
0.528933	0.117769	0.128746	0.224552
>MA1456.1	Dref/MA1456.1/Jaspar	6.76757
0.261522	0.196873	0.351454	0.190152
0.254161	0.330011	0.115262	0.300567
0.00100594	0.00100594	0.00100594	0.996982
0.996982	0.00100594	0.00100594	0.00100594
0.00100594	0.00100594	0.00100594	0.996982
0.00100594	0.996982	0.00100594	0.00100594
0.00100594	0.00100594	0.996982	0.00100594
0.996982	0.00100594	0.00100594	0.00100594
0.118462	0.0541332	0.0400513	0.787354
0.585086	0.0611742	0.147906	0.205834
>MA1457.1	grh/MA1457.1/Jaspar	7.81036
0.350733	0.219212	0.264946	0.165109
0.573423	0.143587	0.160924	0.122065
0.924645	0.00907657	0.0276091	0.0386689
0.960814	0.00698418	0.0180439	0.0141581
0.0096744	0.976955	0.00638636	0.00698418
0.0569026	0.845434	0.0604895	0.0371743
0.573124	0.0589949	0.251495	0.116386
0.00698418	0.0180439	0.963803	0.011169
0.0156526	0.011169	0.00788092	0.965297
0.0183429	0.0297015	0.00788092	0.944075
0.108017	0.171087	0.122663	0.598233
0.164212	0.235951	0.245516	0.35432
0.226386	0.279891	0.235054	0.258668
>MA1458.1	Hsf/MA1458.1/Jaspar	6.91213
0.30468	0.172791	0.199544	0.322985
0.251173	0.209401	0.198605	0.340821
0.0357384	0.0277593	0.0211883	0.915314
0.0211883	0.0188415	0.0240044	0.935966
0.00616887	0.972576	0.0113318	0.00992373
0.0263512	0.609762	0.131957	0.23193
0.930803	0.0249432	0.0240044	0.0202496
0.0164947	0.0183722	0.956617	0.00851565
0.937843	0.0319835	0.0146173	0.015556
0.909682	0.0202496	0.0244738	0.0455949
0.314537	0.211747	0.221135	0.252581
0.309843	0.208931	0.181239	0.299987
>MA1459.1	M1BP/MA1459.1/Jaspar	9.69104
0.254602	0.285278	0.299594	0.160526
0.308457	0.301639	0.296186	0.0937183
0.23415	0.221198	0.14212	0.402532
0.463204	0.236877	0.212336	0.0875829
0.0378182	0.564779	0.0378182	0.359585
0.0255474	0.00441448	0.963578	0.0064596
0.00509619	0.00305106	0.975168	0.0166852
0.00236935	0.113488	0.0425902	0.841553
0.0480438	0.93631	0.00441448	0.0112316
0.943127	0.0207755	0.012595	0.0235023
0.00168764	0.944491	0.00373277	0.050089
0.892681	0.0112316	0.0132767	0.082811
0.00168764	0.950626	0.00236935	0.045317
0.040545	0.0896281	0.00918644	0.86064
0.199383	0.050089	0.64113	0.109398
0.260055	0.328908	0.204837	0.2062
0.24983	0.268236	0.193248	0.288687
0.251875	0.313228	0.208927	0.22597
>MA1460.1	pho/MA1460.1/Jaspar	6.20707
0.329559	0.250036	0.183838	0.236567
0.324258	0.170369	0.294741	0.210632
0.888085	0.0435617	0.0394064	0.0289466
0.0159076	0.0230719	0.0187733	0.942247
0.0214957	0.0465707	0.904133	0.0278003
0.017627	0.0224987	0.934653	0.0252212
0.0438482	0.872181	0.0402661	0.043705
0.0497229	0.751248	0.133258	0.0657709
0.072362	0.026654	0.860001	0.0409825
0.268376	0.34575	0.177963	0.20791
0.190859	0.360795	0.215934	0.232412
>MA1461.1	sv/MA1461.1/Jaspar	10.7852
0.187627	0.314369	0.238523	0.259481
0.00300188	0.273452	0.444106	0.27944
0.0588883	0.733518	0.00499782	0.202596
0.644345	0.0159905	0.312686	0.0269792
0.152698	0.28443	0.383229	0.179643
0.00200391	0.323351	0.0059958	0.668649
0.00299988	0.639069	0.355928	0.00200291
0.932179	0.00299988	0.0598274	0.00499383
0.375246	0.0299471	0.068868	0.525939
0.00200291	0.129615	0.866379	0.00200291
0.00200391	0.981015	0.00399985	0.0129816
0.106791	0.00200391	0.889201	0.00200391
0.00500183	0.00300388	0.00899772	0.982997
0.128746	0.00200391	0.867246	0.00200391
0.94409	0.00300188	0.0139796	0.0389289
0.0259303	0.969067	0.00299988	0.00200291
0.071862	0.213574	0.668649	0.0459147
>MA1462.1	vfl/MA1462.1/Jaspar	6.10653
0.253842	0.264794	0.231258	0.250106
0.249342	0.235079	0.233635	0.281944
0.194835	0.166818	0.441898	0.196449
0.0054208	0.906732	0.0162882	0.0715589
0.971851	0.00338317	0.0148448	0.00992056
0.00465669	0.00593021	0.98603	0.00338317
0.00873195	0.0055057	0.981191	0.00457179
0.00890175	0.0595029	0.00414728	0.927448
0.973974	0.0116186	0.00898665	0.0054208
0.182949	0.149243	0.583683	0.0841242
0.278633	0.244503	0.281944	0.19492
0.269039	0.270058	0.201712	0.259191
>MA0529.2	BEAF-32/MA0529.2/Jaspar	7.08183
0.321775	0.190716	0.282674	0.204835
0.292811	0.331369	0.129712	0.246108
0.0985761	0.0842755	0.018565	0.798583
0.933444	0.010238	0.0183839	0.0379342
0.018746	0.0212803	0.0153066	0.944667
0.00571248	0.982682	0.00335921	0.00824677
0.00824677	0.00335921	0.982682	0.00571248
0.944667	0.0153066	0.0212803	0.018746
0.0379342	0.0183839	0.010238	0.933444
0.798583	0.018565	0.0842755	0.0985761
0.246108	0.129712	0.331369	0.292811
0.204835	0.282674	0.190716	0.321775
>MA0205.2	Trl/MA0205.2/Jaspar	7.62122
0.321961	0.19416	0.391235	0.092645
0.381214	0.196774	0.287396	0.134616
0.597459	0.0877073	0.27723	0.0376035
0.961401	0.00783167	0.00739598	0.0233711
0.0142217	0.00884827	0.950073	0.0268566
0.980281	0.00405573	0.00739598	0.00826736
0.00245822	0.00652461	0.98609	0.0049271
0.959949	0.0274375	0.00754121	0.00507233
0.0214831	0.00521756	0.965032	0.00826736
0.742397	0.123724	0.072894	0.0609853
0.275197	0.0911928	0.552874	0.0807363
0.434367	0.127355	0.317459	0.120819
>MA0249.2	twi/MA0249.2/Jaspar	6.49093
0.36418	0.179498	0.276481	0.179841
0.239683	0.277857	0.184656	0.297804
0.889337	0.0580957	0.024736	0.0278313
0.00616465	0.965342	0.00925988	0.0192334
0.979099	0.00994771	0.004789	0.00616465
0.00650857	0.697433	0.0539688	0.24209
0.937485	0.0206091	0.0295508	0.0123551
0.0116673	0.024736	0.016826	0.946771
0.0481222	0.0195773	0.919601	0.012699
0.1059	0.179498	0.20873	0.505872
0.319815	0.203228	0.247937	0.229021
>MA1700.1	Clamp/MA1700.1/Jaspar	9.35761
0.125738	0.0949305	0.710324	0.0690073
0.403379	0.171949	0.14302	0.281653
0.0720129	0.0667531	0.819277	0.0419571
0.268879	0.497679	0.134003	0.0994389
0.0288076	0.0119012	0.952274	0.00701711
0.944009	0.0130283	0.017161	0.025802
0.0242992	0.00513862	0.963545	0.00701711
0.123108	0.751651	0.0663774	0.0588635
0.0126526	0.00551432	0.977822	0.00401152
0.921843	0.0115255	0.0592392	0.00739281
0.0276805	0.0145311	0.946639	0.0111498
0.766679	0.125738	0.0453383	0.0622448
0.0889193	0.189606	0.570189	0.151285
0.471005	0.123859	0.361676	0.0434598
>MA1702.1	Pdp1/MA1702.1/Jaspar	7.0873
0.304597	0.157971	0.236971	0.300461
0.383183	0.159212	0.282675	0.17493
0.0270635	0.010519	0.0142415	0.948176
0.0237546	0.0111394	0.0256158	0.93949
0.925014	0.00824414	0.0460896	0.0206525
0.0235478	0.0713199	0.0163096	0.888823
0.0694586	0.0167232	0.873933	0.0398854
0.032854	0.679742	0.0173436	0.27006
0.951899	0.0192048	0.0156891	0.0132075
0.953553	0.0134143	0.0150687	0.017964
0.190026	0.262202	0.144529	0.403243
0.291982	0.245657	0.166864	0.295497
>MA1836.1	dsx/MA1836.1/Jaspar	6.33799
0.315417	0.262501	0.138347	0.283736
0.26918	0.158554	0.18681	0.385457
0.936018	0.017617	0.00545837	0.0409066
0.00100594	0.933278	0.0222406	0.0434753
0.897659	0.0215557	0.0268643	0.0539215
0.784121	0.0433041	0.0436466	0.128928
0.127044	0.0268643	0.0217269	0.824365
0.0575177	0.0186444	0.922832	0.00100594
0.0409066	0.00477338	0.0244669	0.929853
0.395903	0.184412	0.172082	0.247603
0.289044	0.136292	0.261302	0.313362
>MA1837.1	Elba1/MA1837.1/Jaspar	6.5659
0.225721	0.195235	0.243915	0.335129
0.246619	0.437652	0.115331	0.200398
0.0206747	0.884624	0.0226416	0.0720593
0.91634	0.0246084	0.0258377	0.0332135
0.914865	0.0221498	0.0322301	0.0307549
0.0437855	0.027067	0.0191995	0.909948
0.241456	0.0757472	0.0172327	0.665564
0.920274	0.0285422	0.0457523	0.0054314
0.00715242	0.0177244	0.955432	0.0196912
0.447732	0.168682	0.15098	0.232605
0.36537	0.214166	0.169665	0.250799
>MA1838.1	Elba2/MA1838.1/Jaspar	6.24028
0.258206	0.203124	0.217513	0.321157
0.251237	0.347012	0.147592	0.254159
0.0329311	0.868157	0.0284346	0.070477
0.895136	0.0347297	0.0295588	0.0405752
0.890865	0.0268609	0.0394511	0.0428234
0.0529406	0.0304581	0.0304581	0.886143
0.164229	0.0680039	0.0232636	0.744503
0.907727	0.0309077	0.0536151	0.0077507
0.00999895	0.026636	0.933581	0.0297836
0.396474	0.175695	0.17637	0.251461
0.327677	0.210543	0.190084	0.271696
>MA1839.1	GATAd/MA1839.1/Jaspar	6.02616
0.25421	0.241113	0.191221	0.313457
0.259199	0.211178	0.206188	0.323435
0.0415435	0.897821	0.0396725	0.0209629
0.051522	0.029694	0.0234575	0.895327
0.0471564	0.0346833	0.0271994	0.890961
0.925886	0.0434144	0.0240812	0.00661883
0.0365542	0.031565	0.0240812	0.9078
0.0247048	0.911542	0.0203392	0.0434144
0.729434	0.0328123	0.151307	0.0864466
0.244855	0.236747	0.28165	0.236747
0.252339	0.237995	0.162532	0.347134
>MA1840.1	gcm/MA1840.1/Jaspar	6.67757
0.246056	0.268342	0.238167	0.247436
0.214303	0.336088	0.214796	0.234814
0.474045	0.0875868	0.317253	0.121115
0.00919069	0.958031	0.0118532	0.0209255
0.016981	0.957932	0.00623235	0.0188546
0.0551437	0.899653	0.0171782	0.0280255
0.0620465	0.0388728	0.853305	0.0457756
0.0118532	0.926179	0.0140227	0.047945
0.935646	0.018756	0.0123463	0.0332519
0.0313783	0.132652	0.0816702	0.754299
0.253649	0.424542	0.135315	0.186494
0.243787	0.277414	0.168251	0.310547
0.269328	0.247732	0.209767	0.273174
>MA1841.1	kn/MA1841.1/Jaspar	8.90906
0.160504	0.295191	0.266836	0.277469
0.231392	0.220759	0.295191	0.252658
0.334179	0.107338	0.323546	0.234936
0.128604	0.178226	0.483044	0.210126
0.0577163	0.0648051	0.0399943	0.837484
0.00455034	0.982805	0.00455034	0.00809473
0.0222723	0.894195	0.0187279	0.0648051
0.0151835	0.919005	0.0329055	0.0329055
0.167593	0.617731	0.0789827	0.135693
0.543299	0.0896159	0.192404	0.174682
0.0435387	0.0222723	0.915461	0.0187279
0.0967047	0.0258167	0.862295	0.0151835
0.00809473	0.0187279	0.965083	0.00809473
0.805585	0.0293611	0.0967047	0.0683495
0.227848	0.461778	0.164048	0.146326
0.185315	0.35899	0.132149	0.323546
0.266836	0.256203	0.203037	0.273925
0.224303	0.277469	0.284558	0.21367
>MA1842.1	msl-1/MA1842.1/Jaspar	6.59344
0.259431	0.197327	0.330261	0.212981
0.261741	0.341552	0.121621	0.275085
0.00100594	0.00100594	0.00639514	0.991593
0.992363	0.00562525	0.00100594	0.00100594
0.00100594	0.0125542	0.00100594	0.985434
0.0135807	0.984407	0.00100594	0.00100594
0.00100594	0.00100594	0.978505	0.0194832
0.965673	0.00100594	0.0246158	0.0087048
0.139329	0.0738885	0.0692692	0.717513
0.542749	0.0880031	0.149337	0.21991
