,Gene,TF,w,n_regions,regions
659,Dscam2,GATAd,8.222800154507699,2,3L:7030605-7031522;3L:7216927-7217547
718,Muc68E,ct,8.83782582508789,1,3L:12161844-12162684
898,ara,hth,8.307570835886242,21,3L:12514473-12515302;3L:12646839-12647502;3L:12526200-12527061;3L:12482187-12483038;3L:12577014-12577935;3L:12467722-12468590;3L:12627421-12628325;3L:12417105-12417878;3L:12594393-12595033;3L:12542064-12542842;3L:12690352-12691147;3L:12470170-12470875;3L:12433651-12434237;3L:12483221-12484076;3L:12590316-12591166;3L:12580019-12580938;3L:12652827-12653710;3L:12637969-12638905;3L:12692790-12693721;3L:12700398-12701302;3L:12606737-12607626
916,ara,dve,23.75538779589506,10,3L:12594393-12595033;3L:12590316-12591166;3L:12646839-12647502;3L:12652827-12653710;3L:12637969-12638905;3L:12690352-12691147;3L:12433651-12434237;3L:12700398-12701302;3L:12606737-12607626;3L:12526200-12527061
2333,Ccn,GATAd,7.186262197568398,1,3L:17822695-17823597
2746,Adgf-A,HGTX,8.80296995479236,2,3L:17685231-17686128;3L:17689437-17690360
3062,CG32206,GATAd,8.509716708819894,1,3L:19354254-19355070
3494,CG4477,GATAd,8.260333715285915,1,3L:9329965-9330861
4709,Ten-m,GATAd,7.717874489195019,2,3L:22446257-22447156;3L:22334643-22335135
5319,Nplp2,nub,7.969593544487041,1,3L:13227172-13227838
5338,Nplp2,HGTX,24.12663607464969,1,3L:13424856-13425683
6030,CG32264,exd,7.052683560452308,17,3L:3616071-3616905;3L:3799484-3800277;3L:3911946-3912774;3L:3530830-3531317;3L:3810860-3811714;3L:3748581-3749131;3L:3637862-3638300;3L:3809600-3810415;3L:3632403-3633377;3L:3737110-3738005;3L:3718803-3719360;3L:3624602-3625493;3L:3535447-3536334;3L:3813896-3814721;3L:3515371-3516264;3L:3787474-3788260;3L:3723544-3724453
6437,Pdp1,GATAd,7.985215578010529,3,3L:7822998-7823839;3L:7847520-7848453;3L:7714356-7715110
6443,Pdp1,bsh,19.6825664481521,2,3L:7968338-7969228;3L:7999618-8000357
6869,CG13074,GATAd,8.849392822109413,1,3L:16148192-16148881
7355,Cpr67B,GATAd,10.795854480620338,1,3L:9329965-9330861
7382,CG7630,GATAd,6.7991924341666845,2,3L:17269278-17270133;3L:17256891-17257827
7415,CG8960,bsh,9.2257146197257,1,3L:2377180-2378035
15023,wnd,GATAd,7.43346318941264,1,3L:19590123-19590852
15752,olf413,GATAd,7.0597701831530735,1,3L:22334643-22335135
16353,Deaf1,CG34031,10.205342377315738,1,3L:19946717-19947588
16857,CG32368,exd,9.604070955804097,1,3L:7978630-7979526
17588,CG33229,GATAd,8.96402930402743,1,3L:271291-272151
17804,CG13675,GATAd,6.871312044211294,2,3L:8027256-8028160;3L:8277315-8278147
19119,Rdl,vnd,9.452873512075056,1,3L:9076198-9077003
19127,Rdl,GATAd,8.949369626915992,1,3L:9329965-9330861
19136,Rdl,Six4,8.557534814867171,1,3L:9130126-9130560
19165,CG14989,Awh,10.398327872506684,2,3L:4242266-4243138;3L:4040079-4041003
19883,RpL18,GATAd,10.253060302666398,1,3L:7216927-7217547
20531,GluRIB,GATAd,7.117119050355415,1,3L:9329965-9330861
22594,MYPT-75D,Awh,7.240076356339849,1,3L:18584523-18585448
22865,Eip74EF,ems,14.815575524619172,1,3L:17655535-17656390
23636,RpS12,GATAd,8.977001792030457,2,3L:13098840-13099703;3L:12998990-12999854
24014,Rbp6,GATAd,12.559274988062352,1,3L:17256891-17257827
25688,Pbgs,GATAd,8.028885952297864,1,3L:12295904-12296784
25769,sff,GATAd,7.238160264584668,3,3L:15877040-15877864;3L:15893604-15894529;3L:15815428-15816229
25929,blot,exd,7.055524593518292,1,3L:17225102-17225708
27055,mirr,B-H2,12.019034547428701,1,3L:12857401-12858213
27062,mirr,fkh,16.99641485803503,4,3L:12697258-12697732;3L:12590316-12591166;3L:12609045-12609941;3L:12575186-12576170
29306,RpS17,GATAd,9.958658300520117,1,3L:9329965-9330861
29803,Strip,Awh,6.949762421558883,1,3L:3399405-3400186
31205,jim,Six4,7.985848307633077,3,3L:22948222-22949049;3L:22945072-22945952;3L:22773186-22774109
31763,Ank2,GATAd,14.231212985647936,3,3L:7822998-7823839;3L:7847520-7848453;3L:7714356-7715110
33518,nAChRbeta1,GATAd,11.901814098252288,1,3L:4574334-4575239
33522,nAChRbeta1,ftz,7.500410754240384,3,3L:4483347-4484376;3L:4286724-4287367;3L:4235889-4236719
33527,nAChRbeta1,Six4,6.970982300097513,1,3L:4233392-4234257
35030,CG32241,GATAd,8.853367403756305,1,3L:4574334-4575239
35759,RpS4,GATAd,10.753003525579427,2,3L:13098840-13099703;3L:12998990-12999854
36002,Rbfox1,GATAd,8.316219983419229,1,3L:10286964-10287720
37708,CCDC151,ct,6.91247793206881,1,3L:11705311-11706132
42114,shep,D,8.875568281390349,1,3L:5200973-5201897
42185,Shc,GATAd,8.576543661888023,1,3L:9329965-9330861
42243,DopEcR,ftz,6.8588250338811925,3,3L:4483347-4484376;3L:4286724-4287367;3L:4235889-4236719
43400,CG11349,GATAd,8.853367403756305,1,3L:4574334-4575239
44372,Shal,GATAd,7.188011110679259,1,3L:19590123-19590852
44912,pHCl-1,GATAd,7.030168969891065,3,3L:15877040-15877864;3L:15893604-15894529;3L:15815428-15816229
45668,CG32248,GATAd,8.853367403756305,1,3L:4574334-4575239
47504,CG13884,GATAd,7.000828460338096,1,3L:271291-272151
49977,CG14561,nub,7.63743201281807,1,3L:22211901-22212699
54605,Eip75B,GATAd,9.828807143618441,1,3L:17822695-17823597
55442,Mbs,GATAd,8.257591768049314,3,3L:15877040-15877864;3L:15893604-15894529;3L:16148192-16148881
55563,Con,ro,10.148273725717852,1,3L:4825503-4826267
56576,CG42268,GATAd,11.550344013108216,1,3L:9751164-9752005
58255,Tet,ct,7.348707930680168,1,3L:2872773-2873691
58520,CG10077,GATAd,6.937738005482662,3,3L:6899123-6900011;3L:7030605-7031522;3L:6845413-6846166
59624,vvl,fkh,28.880867791076085,2,3L:6605665-6606555;3L:6645352-6646222
59629,vvl,odd,16.139053881300086,2,3L:6645352-6646222;3L:6845413-6846166
63720,CG33143,nub,7.397437594243611,1,2R:22667772-22668530
64233,mbl,nub,8.0015499956548,1,2R:17280967-17281759
65293,grh,hth,15.101350920853863,18,2R:17669815-17670667;2R:17960494-17961321;2R:17823212-17824128;2R:17697895-17698716;2R:17726399-17727225;2R:17660055-17660904;2R:17938403-17939241;2R:17922747-17923544;2R:17642697-17643427;2R:17643943-17644781;2R:17616265-17617160;2R:17837406-17838389;2R:17664937-17665791;2R:17766521-17767393;2R:17784366-17785159;2R:17781390-17782160;2R:17707394-17708154;2R:17856839-17857714
68564,Mid1,GATAd,7.417423199141192,2,2R:24718066-24718980;2R:24599474-24600379
71318,Jhe,GATAd,8.497499531420821,1,2R:16249158-16249996
72074,Liprin-gamma,GATAd,9.77788326612562,1,2R:22519795-22520649
73734,RpL29,ro,7.059154160248015,2,2R:21480604-21481408;2R:21383888-21384734
73748,RpS15,GATAd,12.248857221514049,1,2R:16489849-16490855
73759,RpS15,Awh,6.809672174091552,2,2R:16588717-16589576;2R:16594196-16595068
74099,pk,GATAd,9.206342569399254,1,2R:7169622-7170358
75509,sbb,bsh,8.558262878530156,5,2R:18357291-18358144;2R:18379419-18380190;2R:18372574-18373532;2R:18440682-18441532;2R:18410686-18411506
77771,CG42807,GATAd,10.281097529194026,1,2R:13578459-13579303
78092,Dll,fkh,18.274289270392526,8,2R:24740707-24741498;2R:24851888-24852658;2R:24813370-24814151;2R:24917108-24917989;2R:24895181-24896064;2R:24718066-24718980;2R:24940000-24940903;2R:24737863-24738668
78828,gas,ftz,7.293740991309775,1,2R:22464356-22465214
79580,ths,GATAd,6.965676699154507,1,2R:11845780-11846588
79661,eEF1alpha1,GATAd,9.462576940031916,1,2R:11845780-11846588
80693,sm,bsh,8.222988248380783,3,2R:19395122-19395525;2R:19445685-19446544;2R:19356380-19357328
80698,sm,Awh,7.273842140366331,1,2R:19515320-19516234
88787,Cpsf160,GATAd,10.369295770898148,1,2R:14604967-14605875
89030,aPKC,GATAd,8.092928713162571,1,2R:14965379-14966188
91035,hbn,CG34031,7.7750058470787105,1,2R:20977837-20978664
91043,hbn,Deaf1,107.02944208550319,15,2R:21109034-21109921;2R:20998634-20999260;2R:20792848-20793755;2R:20934839-20935727;2R:20916157-20917077;2R:20977837-20978664;2R:20937906-20938767;2R:20906297-20907128;2R:20864805-20865677;2R:20903213-20904107;2R:21101355-21102265;2R:20891192-20892092;2R:21117868-21118737;2R:20960696-20961603;2R:20913708-20914599
93159,CG13743,exd,7.780235800448026,2,2R:9207100-9208007;2R:9176667-9177536
93928,Nxt1,Awh,6.88903114126261,1,2R:23610847-23611694
94727,chn,GATAd,8.40863538379545,3,2R:15164345-15165267;2R:14965379-14966188;2R:15179310-15180153
96860,levy,GATAd,7.29717492508305,1,2R:23572873-23573762
96903,seq,nub,10.64490928730721,1,2R:13303825-13304734
97562,RpL41,GATAd,6.80296191737818,1,2R:24718066-24718980
97697,RpL11,GATAd,10.58859732470818,1,2R:19275110-19276015
103034,EcR,opa,7.938080186042582,2,2R:6159692-6160378;2R:6156849-6157484
103040,EcR,fkh,54.624016190899496,1,2R:6017415-6018278
103047,EcR,ftz,14.464608307277892,2,2R:6141988-6142876;2R:6189881-6190765
103049,EcR,bsh,9.290892984802138,2,2R:6141988-6142876;2R:6238927-6239841
103051,EcR,HGTX,10.19394227263207,4,2R:6235405-6236324;2R:6050436-6051336;2R:6147761-6148649;2R:6156849-6157484
103205,botv,GATAd,7.175422489615394,1,2R:19275110-19276015
103826,betaTub56D,GATAd,6.8986195197129,1,2R:19275110-19276015
105851,hppy,GATAd,7.1173014092558216,1,2R:19275110-19276015
109370,Vha16-1,Six4,6.800741768400598,1,2R:6494013-6494828
112277,ATPsynF,GATAd,7.286149370359373,2,2R:24718066-24718980;2R:24599474-24600379
113492,RpS24,GATAd,7.892379988577218,1,2R:22519795-22520649
113616,CG9826,nub,9.457384917056393,1,2R:22667772-22668530
114361,CG13177,ct,7.953311992396961,1,2R:12172611-12173455
115822,eIF3j,HGTX,10.523565143622536,2,2R:10002316-10002769;2R:10088997-10089859
121322,RpS16,GATAd,12.32475234829408,1,2R:22519795-22520649
121356,kn,CG34031,13.023690409717123,28,2R:14652801-14653268;2R:14634566-14635462;2R:14897612-14898488;2R:14786259-14787187;2R:14943671-14944584;2R:14720824-14721664;2R:14621105-14622167;2R:14969864-14970593;2R:14962690-14963349;2R:14636132-14636950;2R:14935313-14936249;2R:14637338-14638176;2R:14828905-14829753;2R:14942188-14942954;2R:14624328-14625201;2R:14733742-14734556;2R:14715609-14716456;2R:14658749-14659568;2R:14575050-14575960;2R:14941056-14941893;2R:14951566-14952538;2R:14956802-14957598;2R:14962017-14962570;2R:14672523-14673229;2R:14964224-14965026;2R:14768418-14769245;2R:14649364-14650202;2R:14617087-14618036
121997,CG30059,GATAd,11.102053053556185,1,2R:13578459-13579303
122321,NaCP60E,GATAd,13.69081795409556,1,2R:24718066-24718980
122698,lola,lab,9.174337776793855,1,2R:10449500-10450314
123860,ttv,GATAd,6.934676926851961,1,2R:14604967-14605875
123887,igl,GATAd,6.952395328819925,3,2R:15164345-15165267;2R:14965379-14966188;2R:15179310-15180153
126036,Nckx30C,nub,7.027172568327139,1,2L:9874316-9875155
126052,Nckx30C,ct,6.875099492366175,1,2L:9546721-9547220
126727,Hasp,ct,8.17239210814381,4,2L:19542132-19542949;2L:19575947-19576813;2L:19432215-19433035;2L:19533108-19534054
132850,IA-2,lab,7.264368047313846,2,2L:1095422-1096153;2L:1092573-1093479
135964,CG16848,HGTX,10.38502720345307,2,2L:13517157-13518084;2L:13426025-13426919
136118,heix,GATAd,6.833917711005998,3,2L:16276750-16277391;2L:16275972-16276632;2L:16328616-16329426
142867,Syt1,lab,7.9240963534956865,7,2L:2748136-2748740;2L:2752897-2753300;2L:2765629-2766483;2L:2878249-2878729;2L:2593039-2593818;2L:2932697-2933549;2L:2585006-2585886
142868,Syt1,GATAd,12.945454508468126,2,2L:2696982-2697763;2L:2798545-2799375
145217,CG31677,GATAd,7.728858843996005,1,2L:20704587-20705328
146351,Kebab,GATAd,9.325789454041605,3,2L:1970228-1971150;2L:2011268-2012096;2L:2013621-2014506
146675,ND-B17.2,GATAd,7.610387125869964,1,2L:2696982-2697763
146864,Snoo,GATAd,7.715323480407797,3,2L:7832589-7833468;2L:7854880-7855708;2L:7945066-7945980
148176,RtGEF,nub,8.865842113478202,1,2L:20314488-20315391
151346,Slob,GATAd,9.363836378151191,2,2L:7546718-7547432;2L:7832589-7833468
153803,Bsg,GATAd,9.808715666626256,1,2L:7945066-7945980
155774,wry,GATAd,9.988181438229264,3,2L:1970228-1971150;2L:2011268-2012096;2L:2013621-2014506
159061,Lim3,hb,53.62779920029291,2,2L:18943945-18944806;2L:18935873-18936748
159067,Lim3,lab,7.127608924285805,6,2L:18943945-18944806;2L:19119685-19120603;2L:19143662-19144668;2L:19189874-19190747;2L:19179917-19180823;2L:18935873-18936748
159077,Lim3,Six4,14.446831596585314,2,2L:19179917-19180823;2L:18935873-18936748
161309,CG43813,GATAd,8.30581655792087,1,2L:12294528-12295402
162189,nAChRalpha6,nub,7.403160183313373,1,2L:9874316-9875155
162591,nrv3,ro,7.746874475999684,1,2L:21401023-21401608
167979,Hnf4,PHDP,15.53268976244652,2,2L:8822016-8822614;2L:8824961-8825880
167984,Hnf4,bsh,9.305895403117772,1,2L:8601623-8602139
167985,Hnf4,CG34031,11.663714047950457,18,2L:8543688-8544559;2L:8822016-8822614;2L:8801805-8802529;2L:8791659-8792505;2L:8813361-8814187;2L:8612065-8612849;2L:8500368-8501277;2L:8782755-8783681;2L:8874597-8875447;2L:8717681-8718571;2L:8785279-8786049;2L:8498268-8499142;2L:8805395-8806111;2L:8860816-8861492;2L:8651486-8652293;2L:8562724-8563661;2L:8747374-8748221;2L:8610814-8611642
170717,spen,ems,7.637438901526192,1,2L:102080-102906
172568,Rack1,GATAd,9.1375224656873,3,2L:7832589-7833468;2L:7854880-7855708;2L:7945066-7945980
177320,Ca-alpha1D,GATAd,11.309603457998952,3,2L:16276750-16277391;2L:16275972-16276632;2L:16328616-16329426
179871,Hr38,ro,7.510593004971383,1,2L:20798254-20799056
180004,kek1,Awh,7.948240980508233,1,2L:12796137-12796877
180006,kek1,ro,9.243212463978338,1,2L:12994432-12994905
180360,beat-IIIb,nub,9.026760654574502,1,2L:16877338-16878266
180573,RpLP1,ro,10.490656398720198,1,2L:455261-456041
181166,Ggamma30A,ems,6.879883010682201,7,2L:9217289-9217889;2L:9251773-9252547;2L:9392726-9393649;2L:9430922-9431667;2L:9387677-9388440;2L:9263247-9264189;2L:9446230-9447078
181326,CG3662,D,7.779868752059534,1,2L:850600-851426
182261,CG18747,GATAd,9.531946849061681,1,3R:7813318-7814066
183071,Octbeta3R,GATAd,6.8902474729579435,1,3R:12570518-12571261
184167,Mms19,nub,9.492399253002812,3,3R:5294044-5294893;3R:5357681-5358451;3R:5329889-5330503
184637,RpS30,GATAd,9.15585131179694,1,3R:20695987-20696781
186446,unc79,GATAd,7.950783045515806,4,3R:19321692-19322545;3R:19411109-19411865;3R:19189686-19190292;3R:19245970-19246869
187337,Cdep,GATAd,6.839817677806433,1,3R:5061176-5061615
187688,jus,GATAd,8.907431126948826,2,3R:29178914-29179759;3R:29194579-29195483
188795,RpS20,GATAd,7.776494041399122,1,3R:20695987-20696781
189362,CG18744,GATAd,8.85074234190037,1,3R:7813318-7814066
192737,MtnD,GATAd,7.041924491514942,3,3R:20519352-20520258;3R:20695987-20696781;3R:20368552-20369394
193547,CG3014,GATAd,8.63299017137085,1,3R:7813318-7814066
195086,stac,GATAd,9.658108752699807,2,3R:25167592-25168380;3R:24931831-24932633
197082,CG9759,exd,9.729255499111996,9,3R:13660017-13660781;3R:13629341-13630040;3R:13804702-13805488;3R:13683763-13684670;3R:13714719-13715569;3R:13570440-13571261;3R:13794297-13795219;3R:13600232-13600957;3R:13724812-13725634
197840,Dys,GATAd,10.023455072591915,6,3R:19321692-19322545;3R:19411109-19411865;3R:19537082-19537857;3R:19632381-19633280;3R:19508752-19509586;3R:19494996-19496069
198461,CASK,GATAd,12.692522677079491,1,3R:21840696-21841513
199028,RpL34b,GATAd,8.900929340381422,2,3R:9490826-9491651;3R:9435002-9435916
199369,Stat92E,B-H2,12.43210636928548,1,3R:20714084-20714975
199946,rdx,GATAd,9.47666196151939,1,3R:14108115-14109001
202187,Sap47,GATAd,10.304018019938223,1,3R:15810214-15811069
202190,Sap47,ap,9.971465388415432,2,3R:15959591-15960134;3R:15769611-15770422
202349,ps,GATAd,8.935633089069718,2,3R:9490826-9491651;3R:9435002-9435916
204374,fru,GATAd,10.420791600940571,1,3R:18226070-18226897
205184,gish,GATAd,8.183292735929747,4,3R:16249829-16250706;3R:16230987-16231851;3R:16205087-16205919;3R:16213106-16213936
205832,GluClalpha,GATAd,11.15676829968916,2,3R:19537082-19537857;3R:19632381-19633280
206237,slo,GATAd,15.653334879462085,3,3R:24771150-24771858;3R:24548477-24549205;3R:24547796-24548344
206242,slo,ct,8.510998020028545,1,3R:24514449-24515340
206247,slo,D,11.571043612675027,1,3R:24836293-24837098
207533,side-III,GATAd,10.700701850733758,2,3R:6035186-6036015;3R:5772513-5773303
207587,Tctp,GATAd,7.546840966434382,2,3R:11050196-11051011;3R:11078992-11079893
208019,Ptp99A,GATAd,8.535771217383058,2,3R:29178914-29179759;3R:29194579-29195483
208028,Ptp99A,Six4,7.674725679057621,1,3R:29488907-29489826
208656,CG45263,nub,13.291975091113073,1,3R:8444984-8445727
213040,Atpalpha,lab,10.530118423956898,1,3R:20830345-20830801
213053,Atpalpha,ems,17.723528828310222,1,3R:20977586-20978476
213824,CG1116,GATAd,7.506736847503087,1,3R:5061176-5061615
214796,CG42795,GATAd,11.059460803879293,1,3R:10117124-10117897
215498,RpL13A,GATAd,11.33399936806008,1,3R:5772513-5773303
216127,Npc2e,HGTX,8.136154530664353,1,3R:10240358-10241001
216800,pum,bsh,8.031550180562757,2,3R:8938421-8939363;3R:9229184-9230026
218332,pros,lab,9.093158945344207,2,3R:11146726-11147508;3R:11161208-11162017
219089,CG17816,GATAd,11.94088970064698,1,3R:7813318-7814066
220898,Desat1,GATAd,9.019868697725718,1,3R:12570518-12571261
222464,Gprk2,GATAd,8.241016097262717,1,3R:31404893-31405809
222582,cpx,D,10.2590468967236,1,3R:4298845-4299658
222584,cpx,ems,8.304447968123604,5,3R:4380874-4381773;3R:4433355-4434221;3R:4478198-4479064;3R:4453194-4454185;3R:4407399-4408342
223139,Saf-B,GATAd,8.15559276183231,2,3R:24771150-24771858;3R:24931831-24932633
224546,ems,ap,10.753611692571527,2,3R:13812552-13813405;3R:13724812-13725634
225758,CG6332,GATAd,9.422665735646113,3,3R:21989810-21990727;3R:22098380-22099176;3R:21840696-21841513
226876,CG6040,Awh,6.8271720724408596,2,3R:18983448-18984323;3R:18986166-18986467
227097,CG31142,nub,8.83152867001263,3,3R:23968655-23969575;3R:24010502-24011285;3R:24068119-24068952
227220,CG42613,ftz,6.9087808983150465,2,3R:18962696-18963610;3R:18843081-18843973
227227,CG42613,Awh,11.3520650876351,2,3R:18983448-18984323;3R:18986166-18986467
227324,RpS25,GATAd,10.635684244405493,2,3R:11050196-11051011;3R:11078992-11079893
229862,CG16779,GATAd,10.795530124267376,2,3R:9490826-9491651;3R:9435002-9435916
230283,beat-IIa,nub,12.661387931056634,2,3R:17148794-17149715;3R:17455917-17456913
232217,Fas1,bsh,7.192796231268023,1,3R:16625761-16626435
232400,CG5466,GATAd,7.468692385955084,2,3R:20519352-20520258;3R:20695987-20696781
232481,RpS27,GATAd,8.176881394912375,1,3R:25167592-25168380
233002,Drice,HGTX,8.804552318976574,1,3R:29994775-29995650
233021,side-VI,GATAd,9.181648600634535,2,3R:11050196-11051011;3R:11078992-11079893
233615,CG8369,GATAd,10.522857715470849,1,3R:8913694-8914428
235667,CG13617,GATAd,9.143461739849412,3,3R:24548477-24549205;3R:24424712-24425454;3R:24547796-24548344
235937,nAChRalpha1,GATAd,8.95851030070634,3,3R:24548477-24549205;3R:24424712-24425454;3R:24547796-24548344
235945,nAChRalpha1,HGTX,7.531634340415513,2,3R:24577104-24577995;3R:24498720-24499652
238340,Glut4EF,GATAd,11.76837296545905,1,3R:10000837-10001686
238349,Glut4EF,Six4,7.447475181414497,1,3R:9949612-9950543
238350,Glut4EF,D,7.689290043848389,1,3R:9710066-9710629
238720,dsx,odd,8.060352988694666,1,3R:7916962-7917531
238725,dsx,CG34031,7.784047823201656,21,3R:8068132-8068992;3R:7809728-7810681;3R:7843669-7844493;3R:7725613-7726525;3R:8113087-8113930;3R:8122187-8123050;3R:7779701-7780462;3R:7884002-7884835;3R:7940843-7941738;3R:7814184-7814717;3R:7878043-7878928;3R:7756732-7757539;3R:8027018-8027970;3R:7753245-7754125;3R:7869043-7869796;3R:8057415-8058217;3R:8066229-8066922;3R:7737377-7738223;3R:7972329-7972996;3R:7821253-7822079;3R:8025401-8026225
238727,dsx,Six4,20.619043094100057,1,3R:8101199-8101932
238907,Gfrl,GATAd,10.813743236374389,2,3R:20519352-20520258;3R:20368552-20369394
239130,ttk,CG34031,7.047044247717159,11,3R:31794232-31795052;3R:31609570-31610318;3R:31654019-31654648;3R:31608439-31609245;3R:31747989-31748744;3R:31897125-31898062;3R:31852047-31852790;3R:31610714-31611617;3R:31826607-31827159;3R:31805021-31805804;3R:31747244-31747863
242282,CG4367,GATAd,8.32133089539836,1,3R:20368552-20369394
243362,ATPsynC,GATAd,7.12002071341262,1,3R:31404893-31405809
243983,RpL3,GATAd,10.150282299005227,2,3R:11050196-11051011;3R:11078992-11079893
244037,Blm,GATAd,10.319081298842278,2,3R:11721196-11722004;3R:11773383-11774280
244091,CG31220,GATAd,10.5729220508792,4,3R:19537082-19537857;3R:19494996-19496069;3R:19508752-19509586;3R:19632381-19633280
249140,COX5A,GATAd,10.384655309763827,2,3R:11721196-11722004;3R:11773383-11774280
249300,CG2663,exd,10.17959621980356,4,3R:5294044-5294893;3R:5357681-5358451;3R:5298881-5299543;3R:5329889-5330503
249484,bap,hb,6.964737124182509,1,3R:21198626-21199476
250175,Dr,Six4,7.516071696664625,1,3R:29488907-29489826
251786,PNPase,GATAd,8.942457325450757,1,3R:31404893-31405809
252461,CG42322,GATAd,9.11886712559571,1,3R:20695987-20696781
252623,Eip93F,GATAd,7.921974469555771,3,3R:21989810-21990727;3R:22098380-22099176;3R:21840696-21841513
253379,REPTOR,GATAd,9.265313664137263,3,3R:24548477-24549205;3R:24424712-24425454;3R:24547796-24548344
253730,RpL6,GATAd,10.492340688802958,1,3R:31404893-31405809
254675,ATPsynD,GATAd,7.100028130253901,2,3R:19189686-19190292;3R:19245970-19246869
255366,RpL27,nub,7.142333192927845,1,3R:25719553-25720374
255377,RpL27,GATAd,9.482571787500572,1,3R:25880558-25881315
255458,CG2641,GATAd,9.613445206721803,1,3R:7813318-7814066
256062,sima,D,7.5573845984065935,2,3R:30099058-30099884;3R:29997510-29998414
256241,mura,GATAd,10.103331120878963,2,3R:9490826-9491651;3R:9435002-9435916
256804,H,hth,7.677259164396374,1,3R:20519352-20520258
256822,H,dve,98.31715042119208,1,3R:20673210-20674005
258725,nAChRalpha3,GATAd,7.744511652040861,2,X:8186809-8187681;X:8345049-8345995
260307,AANATL7,nub,7.674702916241664,3,X:2453478-2454384;X:2562219-2562691;X:2383177-2384087
261603,acj6,nub,14.085203084551488,1,X:15356081-15356922
262363,Lim1,hb,9.234690571407311,1,X:8785453-8786368
263752,mei-P26,ct,7.638787955801374,3,X:9103262-9104141;X:9129895-9130810;X:9140890-9141761
265448,Tomosyn,GATAd,14.917855268679688,1,X:12555640-12556489
270065,CG45002,GATAd,8.447104185405374,1,X:17019756-17020630
270686,RpS5a,GATAd,7.034876050552216,1,X:17019756-17020630
274132,ct,B-H2,38.418163071257645,2,X:7772701-7773595;X:7624890-7625752
274136,ct,Ptx1,24.88325644686037,1,X:7432293-7433041
274137,ct,gcm,47.39700063358577,1,X:7676934-7677733
274139,ct,fkh,75.41654184988167,1,X:7634463-7635364
274143,ct,PHDP,67.91888140527271,3,X:7434405-7435314;X:7464854-7465260;X:7467318-7468218
274797,Vsx1,CG34031,14.62394271621966,1,X:5604114-5605023
275006,CG5921,GATAd,8.795026303470301,1,X:5899179-5899894
275519,XRCC1,GATAd,9.89477520208212,2,X:5156125-5156967;X:5137988-5138874
276653,CG43347,GATAd,9.217377473111195,2,X:10405228-10406059;X:10671292-10672173
277779,Vsx2,vnd,8.519760015490302,1,X:5503649-5504508
277868,CG10959,GATAd,8.721900302551788,2,X:8186809-8187681;X:8345049-8345995
281621,RpL22,GATAd,10.848203988773006,1,X:884254-885066
282674,fne,GATAd,8.785719193188912,1,X:13023824-13024540
283338,CG14795,nub,11.15103512767105,1,X:1669074-1669977
283549,Sclp,Awh,9.185827359526831,2,X:11807051-11807939;X:11904792-11905624
284769,Yp3,nub,15.165974108054371,1,X:13690449-13691167
284790,Yp3,D,8.808951079761902,1,X:13602469-13603354
286916,br,ap,18.82441492565015,2,X:1543490-1544083;X:1381165-1381944
286920,br,CG34031,10.02091459189315,1,X:1691106-1691819
286921,br,HGTX,13.353983106646576,1,X:1506131-1507002
287723,fs(1)h,GATAd,8.265369184562415,1,X:8186809-8187681
290731,Ten-a,Awh,11.389569413417846,1,X:11904792-11905624
290909,SK,GATAd,10.290919306089547,1,X:5156125-5156967
290971,Ca-alpha1T,HGTX,9.79439892545724,1,X:6072902-6073834
291452,mamo,ap,8.83062730859065,13,X:13906218-13907077;X:13996762-13997344;X:13973450-13974057;X:13879187-13880029;X:13689417-13690213;X:13926992-13927919;X:13811493-13812094;X:13847541-13848436;X:13929825-13930626;X:13941244-13942132;X:13893324-13894199;X:13960545-13961403;X:13998015-13998845
291958,sd,hth,30.051312130149377,1,X:15950712-15951485
292745,X11Lbeta,GATAd,10.167569969240034,1,X:10671292-10672173
292880,sta,GATAd,7.470850233658153,1,X:1411035-1412090
294009,oc,gcm,12.631051782826459,1,X:8467878-8468567
294472,Sh,lab,11.340872523396195,1,X:18120673-18121513
296244,DIP-alpha,nub,8.806074140602695,1,X:3684903-3685244
296779,mgl,Awh,6.8509634341114225,1,X:9500792-9501452
299862,CG2233,nub,6.873140170044819,1,X:8099691-8100549
299873,CG2233,GATAd,11.188415665605957,1,X:8186809-8187681
301422,Appl,D,7.705901254632929,2,X:687340-688046;X:619737-620549
302876,cac,bsh,8.104389118853323,2,X:11868626-11869558;X:11908664-11909385
302967,para,nub,8.964240727846125,1,X:16322875-16323722
302971,para,hb,8.404173184206728,1,X:16322875-16323722
302977,para,lab,11.233747299549435,1,X:16442428-16443116
305337,His3.3B,D,7.148455696987613,1,X:8958341-8959196
305948,Tlk,GATAd,8.526625281606286,1,X:3685334-3685811
308648,Actbeta,GATAd,6.880237050394392,4,4:1052289-1053066;4:893213-894115;4:1218585-1219535;4:1084108-1085000
308667,pan,vnd,23.74707035986185,2,4:193163-194075;4:113876-114697
308678,pan,ap,6.813916624507069,3,4:193163-194075;4:60024-60930;4:113876-114697
308679,pan,ftz,8.482108307660694,2,4:193163-194075;4:113876-114697
308680,pan,ct,9.189005770697548,1,4:65742-66447
308681,pan,bsh,7.679055731719783,2,4:193163-194075;4:113876-114697
308891,Kif3C,GATAd,7.580258372449774,3,4:1052289-1053066;4:1218585-1219535;4:1084108-1085000
308918,CG32850,GATAd,8.090198975036625,2,4:388553-389435;4:253002-253856
308945,toy,GATAd,7.157315252910976,3,4:1052289-1053066;4:893213-894115;4:1084108-1085000
309080,CG32017,GATAd,8.875929428851455,3,4:1052289-1053066;4:1218585-1219535;4:1084108-1085000
309188,Syt7,GATAd,12.36431901358807,2,4:388553-389435;4:253002-253856
309339,unc-13,nub,7.039886544674753,2,4:807579-808469;4:806742-807513
309350,unc-13,GATAd,18.437414556995645,2,4:1052289-1053066;4:893213-894115
309377,PMCA,GATAd,13.319181239641253,2,4:388553-389435;4:253002-253856
309728,CG11155,GATAd,12.182158043103492,3,4:1052289-1053066;4:1218585-1219535;4:1084108-1085000
309755,anne,GATAd,8.747529142603815,1,4:253002-253856
309782,Cadps,GATAd,18.152640739934714,3,4:1052289-1053066;4:1218585-1219535;4:1084108-1085000
309917,Thd1,GATAd,10.27101471307737,1,4:388553-389435
310052,RpS3A,GATAd,11.860798218262147,1,4:253002-253856
310160,Asator,GATAd,10.612887144202029,1,4:388553-389435
310214,Ephrin,GATAd,8.096120158400982,1,4:388553-389435
310295,CaMKII,GATAd,13.740612124135357,4,4:1052289-1053066;4:893213-894115;4:1218585-1219535;4:1084108-1085000
310322,PlexA,GATAd,8.743702742274863,3,4:1052289-1053066;4:893213-894115;4:1084108-1085000
310349,NfI,GATAd,8.895652199035984,2,4:388553-389435;4:253002-253856
310377,onecut,PHDP,11.406082525451211,1,4:568321-569204
310511,apolpp,GATAd,7.040703726420749,4,4:1052289-1053066;4:893213-894115;4:1218585-1219535;4:1084108-1085000
310538,PIP4K,GATAd,9.020840763357581,3,4:1052289-1053066;4:1218585-1219535;4:1084108-1085000
310565,Gyf,GATAd,8.043303444775656,2,4:1052289-1053066;4:893213-894115
310592,CaMKI,GATAd,9.228684811571076,2,4:388553-389435;4:253002-253856
